ةفاخممكحل,يبانعنايفسىوردق,مويهجورخ,يفففجيوجرخ,نافمارحل,هاميعيبطل,ثموداتعمل,مركايذلاوىلبلاقهنلهبدقيملهلتقولهناىلعليلد,رهاظقرفنيرمل,ىلصهلوقكاذهوعفدملواهلدارليتل,دعبتونقلابسنادارمناىلعلديامم,مهنوصحنمهنعهلل,يفنمرايخمهباحسل,يمريناكاولاقهريغوارباجنل,ظفللابهدريملامب,رثكانمعفنيفةدرابل,هموقوعديجرخف,دايزورمعنبهلل,ةنيابةقيلطتنوكتللاقدوعسم,يضررباجث,مهللقيملهنعهلل,امولابجل,ارعااميس,اهلاقيقحترمقلاوسمشل,ظيشغتساف,هاوقوندبل,نافهبحاص,رشعىلعرخاونيتعكريلصيناىلعث,ةلصيفوفوسكل,يريسابويعاردابينعجف,اقرورشمويهلتابخلء,ةدوسمويواهم,نوددحايفةجحلنورخل,اهيلعهنب,زنادقوهسارىلع,يفوءاشامهياربلجرلاقتامىتحملسوهلاوهيلعهلل,هانحجرامنيبتيلرخل,جورخبىتفانم,نمةلصاحل,اذهرايتخابهنمحيرصتاذ,يفذخافهريعبىلعن,ةلباقميفضوعباجياكةيصعمل,اهنيبوهنيب,لنيبترجحل,كءايشاةينامثنمةذاعتسل,نعسوواطثيدحنمنيحيحصل,نافعاضرل,ناكهناهنعركذيوهيلجروتيمل,اشنامنء,اعوفرمسنانعهجامنب,يفعجولكناملعاولاق,حيحصلاومهقف,هكرتمكلغاسفيكفسمشل,ىلعاديازامكحديفيقاحلل,اودمحمهواوهاتعق,يفلوليجنل,يربجلاقفنبلل,هتماىلعهلل,ناكولوةداهشهناعلفعدمانهاهجوزلاوهيلعىعدمل,داكتلف,بقهعوقوةيفيكنعلاسيلوامهح,ناجيفباوصلاولء,هاوروةمركعنعملسمنبورمع,هيلعلكشااذء,رتينانيبوةدمل,يمج49,عصاث,ديعسنعشمعل,دجوفامهنيبامعرذفملسوهيلعهلل,ناىلعاهولمحوتاعكرل,هتومدعباهجوزةارمل,مهيرشابمومهيدر,تناكوهلذيف,ازجانمةعفانةلمجىلعانيتادق,مفلاوديل,ىنميلايلنمةليللكضيف,احصانمسانوهنعهلل,رايوهخلس,نويحيمهريغوءارعشل,عكنبدمحم,لصيفيهامنء,وقتلماتاذاف,ملعنلوةزياجواةبحتسمواقلطل,تاعاطلاوديحوتل,هنيازخنماصقنلوهنملخبهيلء,عامجاوصوصنل,ىطعاومهضعبملسافمهلتاقفهبررمالثتمافةيزجل,اقهمس,مدعنمةيناثلاوسانل,نعيفحاصمل,اقمثهلهاوهامبهيلعىنثاوهلل,تناكةقيلطتباهيلء,دنعىلصوتيبلابهفاوطىضقنيحعكرف,ىلعنيرفاكل,يفةقباسل,هيفنكميل,ماةينىلء,دنعكلذةمكحمدقتدقوقيرطل,اثقلابينونمسفنمساملفء,اهناواذ,يبسحقولخمل,مكبساحيهوفختوامكسفنايفاماودبتناوىلاعتهلوق,هنامعزيفوسفجرخيىتمهناوةشياعةرجح,نافمحلل,كويحلكعسيهقزرلعج,اوملعتملنافهلل,يبانبةمركعتحتماشهنبثراحل,مهنعلاسنيحهتباجء,ريشيملسوهيلعهلل,روهمجىتفايذل,بللاضرعتاهب,صخيهنم,مويهجورخنيبعمجل,ىتاىتحبكاريتياميفجرخفملس,ىلعامهلل,يفاهبلوخدمل,ذكثيداحابث,شايعنبنمحرل,يدحوكلهابيقحل,تاعضرسمخلء,اعوفرمينطقرادل,اقفيرمضل,هلصاناكامديصل,درجمبهنعدلول,ركذومايقل,نيبواهنيبورحبل,دحايفىهتشتليتل,يلنفدل,يضررمعاهللعجلوقيهلل,يفهلضفوهفرشبكربخاسوميظعكبرمايانممويلاق,اهضعبث,ينعىضق,نمةفياطهنظيامكلمهممهومهبولقبيهةيعمل,اذهناتارناواهنافنينمومل,دمحاباحصاضعبلوق,حرميناربيختملعدق,هجولكنماهقح,ةيقبببستحتلاهنافرهطل,ضلاواطخل,اذهدنتسم,ثيدحنماضيانيحيحصل,اهورتملادونجلزناونينمومل,هنمايمبادبهصيمقسبلاذء,صفنتةافطمل,هذهبملكتهناملسل,هبىضقدقوعازنهيففرعيلاماذهوهرييختيضتقيفص,ناهربخادبعمابانارانيدنبورمعنعجيرجنب,طقسيهنافهنمراثكلاكهتيمكبراضعون,ىثناوادلول,نسحمنموهلححصمنمفثيدحل,ملظبمهنملجرذخويلوةييربهنميتمذفلبقيذنم,نمتابوطرركذل,ىلصهيدينيبنودحياوناكنيذل,هانيبهيففلخلامماذهوةحاور,نملدبىحضلابهرمافةلصل,هونميل,ياجعلابءاجهعلط,هبحرصام,لذنامولعم,وسرنعءيشهيفحصيلاضيااذهوةهكنل,ةلصهلليلصالاقلوةتبل,ءاوجلافعباصل,بقدجنىلء,اقسلللاقيناقلخل,اعبطهيلء,ةيدفيقبامورحل,هذهيفرظا,نمىاراملصاعل,وايفدحامويناكهلعلهنايناثل,عاضربنيلياقلاونيلوحل,ضعبفدراولاجرل,يفطيلختلاكةحصل,ديدشوهوراحل,هجوامهنيبعمجل,ىلعمانينامونل,دصقلولف,يقبباتكل,ىتحلاومل,املفتكساناهيلء,ةياواهنعىفوتمل,اةلاهجل,دعبنبلل,حرجلجرناهنعهلل,مهنمذخويلهنء,اوبرقيلفىلاعتهلوقك28,زعوقيرطل,رباجنبنمحرل,سيلملسوهيلعهلل,لملوعبرانمرثكء,يفواةقفنلاوء,زجنمهفلتاامنمضفةلمجل,تباعفنهيافقاىلعءاسنل,انلناوسانل,نمءيشهمزليلفهنم,اهبفرعتيتل,افلاخميدهل,اهمسقوةميظعاندبرحنوسانل,املابتابنل,خبعيارشل,هيفىضقيلةدرفمل,ةدشفجلعل,هرماويبصل,وسراهريخمثقتعانملءلول,وسرلعجفهنمتعلتخ,نمهيلعمهمركاوهلسر,نملكووهلكايفمهلنذايملفنومرحممهوللحهناملع,هيبنرهظموهنيدرصانهلل,هللاقيناكوننسل,هانمانهاهنملاقف,مهرشابممكحنيبراحمل,نمكلذنيافهلاهنعهلل,هبريصتاميفءاهقفل,نعنوكيامكبضغل,نيباتباثلزيمل,نعملسانبرهاظمنعجيرجنب,ءولممنارقلاوداعملاوديحوتل,يبالوقوهوةدعل,تقوعاضيل,ضعبنظدقوةقدصل,ةصيخرمهتميق,يفهريفاذحب,غباربتامفىلاع,وقاذهاهبساحيلواثلث,سحادللعفان,ريخنافدعبامالوقيوىطسول,نمناتقيرطانهاهفاهنيبضراعتلاهناردقناوىنعم,يبلوورمعنبذاعملوعوكل,نمةاجنل,دبعونافعنبنامثعنوعبتياوقلطناف,ةدعيف,يضرةشياعنعدوسل,دنعدسفتةيعونل,افعضةقيرطهذهوطبخاذ,اذهوهللكااملناجنذابل,رمعوةعيبريبانبهلل,اعدوهيديعفرفدجسمل,هفثلثل,لقلتم,ىلاعتهلوقاماودلجلابنصحتملوتنزاذء,ةعيبطىلعلقثيلففطلء,اوراتخافهيلعمهلديزيلامدامهريخومهسبحب,وسرةثراحينبضعبنذاتساوقافنل,صنلدعتتناكاهناكسوضرل,رطقلابليياكيموبولقل,اقهعماهانعنصوملسوهيلعهلل,وقيرباج,ىطعاولفساممدوجاوفخان,ادرفمجحلابىبللاقنمةثلاثل,رمالعجامنء,تيزولخكهريغرخء,ىلعاهيبنتمحلل,ةيلوهلنممكحلافاضيء,دوادوباهركذ,ربديهرماىلعبلاغهللاواهبلطيف,نيحاهنل,تعفروسوقانلاببرضنيح,هبموقيولاماقمموقادقل,همرحينارقلز,نوكيلكلذولول,ىلعسمخةنسكلذوقدنخل,نايفسنعةصيبقانثدحيشكل,وةعكرةعكرهعمةفياطلكيلصتنازوجهنااذهرهاظ,ارميوعبسحالفةرحوهناكرميحاهبتءاج,اهلاهنعىفوتموةقلطملكناىلعهموهفملديلاهنع,مظعاسفنل,اذهينمعمساملف,طرشلصف,اوقدصتلوقيفسانل,انيكحدقوسابعنب,ارادوةنجل,وسروهبرضيقفطفلاقهلضتدحاوريعب,جانمرهشاةثلثانلقامنء,تلطعونكاسل,يفناضمرنماضرفن,اهتيعرناوىلاعتهلل,دقنمعناكاذء,نافةراجلابىفوتسينازاجةيراعلابىفوتسينازاجام,يدحواهبلوخدمل,هباتكيفءاجاذهل,ردابودقعل,يفهينيعضيمغتهيدهنمنكيمللصف,ومحماهروهظقوفءامل,داراامبرهناهيفودوعلابىتحهداتعيلب,اتعلمعتس,يفاسابعملسوهيلعهلل,ةنيدملامهل,اهعفنوةماجحل,اذهومهلةريخل,سمالاقفهلوسرىلاوهلل,وةرجهلابلء,امهريغوينطقرادل,رماكلذلوتيفطىتحهدييفيهوءامل,اهبهلهلل,هبايثعيمجريشبل,مويمكدحانموصيل,نمتن,اذهلةديافلهنافاضيء,رحنمهيلء,هامناوملسوهيلعهلل,اهذخارمعضبقاملف,نوكينابجينامزواناكميفةليضفملسوهيلعهلل,حكنتنااندنعاهل,نماولعجمهنامهنعهلل,نودمحيافوفصهباحصافوقووهفوقوواهلضفاوهلاوحانسحء,هيبانمعمسيملوةقث,ةدقع235,مهثانللحيتماروكذىلعمارح,عبفنارقل,يبسيفةحارج,ةبسنلابةنيبانهسيلذء,اذهجرخوملسمورفاكلهعيبزوجيث,ججحركذنواريوصتامهانركذامكارير,رهمةدحاولكعضبكلذعماولاقوار,نماهنافىذل,يضرديزنبديعسوهلل,احمهصيصختلنمضتمل,ابيرقاحتفهرملربصلاوهمكحبىضرل,نمهذهمكنرغتلمكليولاقموقةعيلطنمحبقنيقاسل,صفيذل,نوعمجيهيافلخنمدحالووهنكيملونيظحمهجوزتم,لاصنملقن,اهيطونمهنكمتملاميخارتل,بقتناكامكاهتديسلىقب,نماريثكظفحيوناجنذابلاوعرقلاورايخلاوءاثقل,اقفهسارعفرمثادجاس,اهدعبلواهلبقةلصل,هاذهسرافاتياممهيفوةيامعبرء,اهتداعىلعلماحل,هلتامعومامعاوهلتلاخولاوخاامهتلاخ,نعهلياسميفدوادوبالاقدقنكل,عنمهنانيحيحصل,ضرفلزناملفةيزجريغبةمذلهااوناكواهضرفلزن,نموهتبصعبقحلدقفةيلهاجل,ةفلخدهعوهوقيدصل,همرحامم,هدجوهلكايناكاموملسوهيلعهلل,ةكمباوناكنيذل,نبرمعدنع,اقلوصومةشياعنعةورعنعةورعىلومليمز,وسريفوتففدصلاوةدنكيموزخمل,ةشياعناميء,نبنتجيةمرحملاواثلثةقلطملاواهجوزاهنعىفوتمل,اهدقعيودوقعل,هلنب,وسرنعمكثدحء,طخيهذا,انلوقلثمباوتاتنلاذهلوقااناطعااملراثكل,درترضخريطفاوجايفمهحاوراهلل,نمبعكوخاوهوةملس,اولصحوةلدل,هتبنايذل,يفلخادفرامثلاوراهنلاوةيدول,عيبلابيضرولامكوهفةبيعمةعفنملابيضرهنء,هنااعوفرمهيبانعهلل,نارماانه,رباجورمعنباوةشياعاضيااهاورونيصحنبنارمعويلع,عجونمعفن,امارظنيضاقلاويعفاشل,يشباوحرفسانل,هوجوبلوقل,هناىلعلدوكلمل,نمهدصاقموعرشل,انخيشيللاق,رمعلقيمل,يموقىلء,ةنسلاواهيلع,تيبةدعمل,يفهيدهركذدنعملسل,اذهنمملسوهيلعهلل,هانيبامكتعونتكلذبرابخل,راثياوةعاطلاودايقنل,ةعبراىلعتدازلةدمل,يثلاوركبل,نكيملىتموءافشل,اقةدابعلاوىوقتل,وقينممكنمنافهوجول,لذكوهبادحتملورخللجزاممريغامهنم,هبلقهجووهبابعرقوكلذهسفنمزلء,عطقنتليهوةعجرل,يفادجحيرصاذهواهنمجرخيامرطشبمكلاهرمعنواهيف,اذهوبطعل,ءلخلاورستملفتحلاوتنرحينعيءاوصقل,مهبيهابيمثفقومل,مكبيذكتسابعنب,ملغرذح,يفعضتر,يفننسل,نماهيفلوقنف,ردااذء,رظنةلزنمبلولافهفنادسهيلعبج,هاذهودرطمل,يباةياورريغنمةشياعثيدح,يضرةشياعتناككلذبفةعاضرل,ةدايزوندبل,وسرلهاوهنعهلل,تاينثنلرهاظمهووهوةكمنمةنيدمل,يفاهنوبحتىرخء,اقيللاقاذكثيدحل,مويلضفل,عمهكسنمويوهمايص,وسرتيارامرثكاسنالاق,السعلاكهيلحيامهطلاخوادرابناكاذء,اذهخسنامء,يفامهنيبامدعبايوكنحل,ادوسللدلوموهوراح,اهلبقمثهيلعهديعضوفهديبهملتس,يفمثايناث,نمتيدبعايلاقفاحافككاباملكوباجحء,هيلعملسواثلثهمتشواثلثهفذقلاقيامكمهمجعومهبرع,هتاكزعفدينء,بقاملسافء,تخاتن,عجووهفزنومدل,حلاصموبرحلابةقلعتمل,يفيقرخل,اياقبنميهوعابطل,حيرصاذهونيتفيفخنيتعكريلصيفنذومل,دابعورانل,عوقواودارااذء,لقشعل,اهنلمهبنيفختسمل,هابلل,هردقوهتميقيفرظنيملولتاقللهبىضقملسوهيلع,هملعناميفةجحل,عجيناهبقيليلامعههيزنتوهبةفرعمل,يفرمعةياورحيرصةمطافةياورضراعدق,ىلصهليوطتناكولوروسل,وقيناجاتحيلفكلذبحتسيللباييشةنسلاونارقل,مكحتبثيل,هناحبسنيبدقورانلاورمقلاوسمشل,دبعنبةملساباةنيدمل,افورعمركنمل,اذهفلخمهوياممهنعىورنم,هتملستلاطناوىثنانب,رحيفهعفانموهعبطورمتل,ىلصهبضغ,حاباتعب,وسرانبعنص,مهريغودمحاباحصانماولاقنيذل,هلمعوهفلزنث,ريمالوقوهوةضيحاهتدعنايناثل,ىلبتلقيشاجنل,قاحلابهمكحبيقعحرصملسوهيلعهلل,ربيخدعبتناكعاقرل,رظنيلعجةصقل,هلوقنلهلتقنعهاهنلوهيلعركنيملوينمريغاهلل,هولييارسء,وسرنايفحيرصهناوريبزل,عقاومكمهرايدللخاهعوق,دقهوباناكوريعبل,نمهسارعفراملرجفل,ركذمثنطومل,ةحصنيب,فاجيابتحتفامنء,اقوموقللهبرماامبملسوهيلعهلل,اذكواذكن,رهطهمدقتيناضيحل,قفاوياممهنمدحانعلقنيملودوعسمنبهلل,نعوربيخموياهنعىهنملسوهيلعهلل,لتوهيبناج,دعبديسل,هوةرحل,هيفدحلسيلهناحبسهلل,هبسنميفهياضقوملسوهيلعهلل,عيمجمعيفهيلء,نمابيرقهلادتعاوهدوجس,ةريرهيبانععفاريبانعةداتقنعديعسلاقوهحيحص,ديبعنبديعسلء,احصاهبنجتينايغبنيومدل,ادلكودضهللء,ةنسىضق,ىلعيضمتوفاوطل,نمريثكىلعهتقدوهضومغلنكلوةنكمممهفل,اذههملتس,يقلماكءرقاندنعهيفقلطمل,هلوقبهعابتاىزع,يفةميزخنب,حورقلاوسحادلل,ثلثلهتلعفلاقاذء,طولاكهريثكوهليلقىوتسافميرحتل,نعروصنمنبىلعمنعناذاشنبدمحمىورواولاق,دنعةيلاعةجردةداهشل,فباذعل,اةنسنسل,راشتسافكلذىلعةضوارمل,هوناصحل,ةيلابدارملاوءاسنل,نممهلسغينممدختس,وةوقلوددعبسانل,ديبزنعنايفسنعديز,مسبلقوكدسجنمملاتيذل,ىلعمدقمديازل,زوكلاوناوخوهفلاوماعطهيلعن,كبحيلهللاومكاتء,هلتلاقفرصقل,وسرلاقفةقفنلوهكلمينكسم,ةجحوهفتاينلابلامعل,ةكمنمةدعصم,املنيكرشمل,هاوردقوبيرغنسح,يفهلابيغرتوهلاسامىلء,نعةبتعنبهلل,احدقوزازلل,حيامكداسفل,ةندبنيعبسةيبيدحل,يفحبذولهنايناثل,ةياغيفهنوكعماذههيلعهبعجرتسيمثرسوينء,امدنعرضنل,بقهناسابعنب,اركذناكناوةناضحل,رمابريسيدرصجرخفنميل,زاوجىلعليلدتلل,يفيتبيبرنكتملولاهنء,اذهنيبواهنيببرحل,يمكتلبقةب,دشرايتل,مكيلعبيرثتلهتوخلفسويلاقامكمكللوقايناف,تللحاذء,نودءاضقل,رابكنمفياوطمهنعكلذىورومهريغوانيمسنمملس,اةحرقهبتناكواناسنل,هاذهوههيبنتوهليل,ةهجنمكلذنامهربخافاولاق,ةحارةرقنبتباثلاق,عفراهدحء,نافتمدقتيتل,توبثىلعلدفلحل,نماهرمعينانمحرل,يبحرشلاق,اسجرهنافريزنخمحل145,لذكوهلكء,يداحاضق,رمعلوقهنمبيرقوفوخل,درةلاسمامء,مظعانيبنزاوينااهجلعنم,دعوىلاعتهلوقكنيلوقل,ويايينعمدحء,وسرلناكفمهسةياممهسلكعمج,يفطيوىوقل,ىارونوملسمل,هبحابصتسل,ناهبهذمنمروهشملاف,اجعابوةلقنممويل,رثكاملسوهيلعهلل,نولعجيروهمجلاواهياضقناب,قرعلرخء,يطهلكهاوثموبيطهبلقنموبيطهجرخموبيطهلخدم,وهلجوزعهلل,ةلمتشمةرخلاوايندل,رمااذهل,نمةسدعل,يفلاقوةورملاوافصل,نبدمحمويقهيبل,هللاولاوقل,هتيوركلذكوةنجل,اوذخايوااولتق,طرشىلعهدانساولاتقل,وزغاواكدعبنمكتفيلخنوكاواردمل,يفدمحاوةفينحيبالوقوهورغصلابربجيهنايناثل,عيمجربتعمل,اماتلاقفةمطاف,يفمهرواشيومهلرفغتسيومهنعوفعيناهرمء,وقوفوطيفجرخيللاوزل,ناومهيلعبوضغمدوهيل,انثعبملسوهيلعهلل,هحازميفلوقيوحزامين,يفدرفاىتحملسوهيلعهلل,هبكلمتلهنء,قدصىلعهلدلول,سيلفيرعتلل,يتللنوهركتيذل,نماذهونيماتلاب,ةرثكوتاوصل,نوكيناكلذنممزليلهنافنهتدع,مثرشبنبدابعىلء,ناكلتومل,متقلطاذاملسوهيلعهلل,اهناملعفاهريغةزمهل,رباجوسابعنب,عمادبامهنماسفننيرشعنعهلقناوقيطتملدهجل,وسرلاقفمهنيد,بنحنبدمحاتعمسمرثل,حنملسوهيلعهلل,اهترمعواهجحنععقواهيعسواهفاوطف,يفىتادقنكيملكلذدعبزيجنتل,مكحموهليقوثلثىدحابلء,ذتسمروهقمعدتبمورفاكولطبملكومهبربةيونثل,اذافاهرارقء,اقاهنيبوينيبقرفيناديريوهوهتماينجوزيديسهلل,نمهلعفينمهلعف,ىمحوصربل,يلوقرهظايفكلذزاج,اهيطوميرحتيفةميل,نمءلطعفنيوء,هوراتخاوملسل,ىلاعتوهناحبس,نادارامكيافاولصاوتل,ناكهنعىهنوراهظل,ناكلفرصتل,يقيدقاولاوقاحسء,ىلعيفخرماةدايزنمضتدقدعسنب,انثدحةبعشانثدحرفعجنبدمحم,رهاظاطخواضيامهوحرسيبانبدعسوهلوقناث,دنعان,شطعللعطاقماعطللمضاهةظيلغل,دبعلاقهتارم,ارشنع,يضريلعنعهننسيفدوادوباىوردق,هنافهقراهنالدبعل,وسرةجحبسانل,يداوءارو,ناىلعربيخدوهيحلاصام,قسيفاهوقلعوةفيحصكلذباو,نمىوقاهنمةنكممةضراعمنعاهضارعء,ءاعداهنمض,اهودربافىنعم,ةيحتناف,ىلعهيلعةمرحماهنوكعمةرجل,يدحتور,املاقفهملسابملعيملوء,نممزليلاذهوصنل,قلخمويةكممرحهلل,ماوزلاوتاواجكلاولماحمل,دتعاوةيذغلاوةبرشل,ةفلاخمنامكريرق,فيظنتللداريهنلواهنعهلل,نلاذهوبياجعكلذنمسانل,هكاوفلاويثاقملاوخطابمل,يلعولوقل,ثيدحبهيلعجتح,اونسحافنورجاهمل,هاذهوضرل,ناطلسامهنيبقرفينء,ىلعاهدسفادقفاههركتس,اميفكيلعهبجتح,هركيلنكيملفامهقرحينانيرمحانيبوث,ناكمنمونامز,محريملسوهيلعهلل,نعةاشل,جاونمرهشل,قلطركذوهريغاجوزحكن,نملاوش,مويلجرلستغيل,سلجمنعدعباذء,نماهضوعهتومدنعناكاملفاييشاهطعيملواقادص,هيلعموقيوهحلصييذل,ركذبفوسكل,هباحصاضعبجرخوهنعصوصنمل,لاطيبابعشبعشل,يحكلذىلء,قلطاامهمحشبامهوامجرختساناواهلةضراعل,ىلعاولخدىتحمهعضاومنمنوملسمل,اهياايارق,هننسيفمرثل,قادصواهنمباصاامبرهمل,هديبيسفنيذلاوهديبتذخافهب,قيرطبءادتب,قلاطتناقلاطتناقلطمل,اهتنباواهماهيلعتمرحفهياسننمتراصاهيط,ادحاوقشعل,هبلوقلافةلمجلابويلوصل,رثكلاورمثل,تناكلمتركذام,نوكتلء,هربتعمل,وسرهمرحامويفخقيرطبنكلنيتخل,اتكيفسيلاطرشطرتش,هاىنغملعهنعهلل,ةنظميفهنلنمضاهبفلتاذافةيداهتجافتابيداتل,ادبينء,يوقيلبةتبل,يضرةشياعثيدحامافلاق,يفهلاثماوكلذبيساتلاوركنمريغهلررقم,اقربيخبرخاوبرثيب,متلقاذهلوقاحلتسلابلء,وبتنملفاقملسوهيلعهلل,هنميطعيومهمراغنعهنميضقيومهبزعهنمجوزيف,هلزنايذل,يباريغلبجنب,اطخلاوميظعل,نمدرابء,هتنسوملسوهيلعهلل,تقلاكامهاوسبهضقنناوبرحل,ىلصهعباصانيبنم,هذهنمهسفنيفدجوهنعوهبهاضروهيلء,رعكلم,مرحنملفاضعباهضعبدريةضراعتمةبرطضم,داراهناملعفاهلعافىلعركنمريغةزياج,ةلباقميفلعجدقفليقناف,اذهخسنيذل,انرشاامناوةلاسمل,نماهجورخناث,وقاينء,اضقنمدافتسمل,ىتحتييح,وهولواهانركذامحيحصل,ىلصهغلباملهنااهببسوسمخةنسنابعشيفتن,امهداهجللصل,ايوةعيبرنبةبتعايلاقفمهيلعفقومثهيفاوحرطف,مهواذهولاقةدحاوةميلستةلصل,انايسنناكهلعل,زوجيلمارحراهظل,يذرشعليضفتكلذ,انبنتجافهنعفلختنمنيبنمةثلثل,اوحانماهيفنوكيام,مثايملوهيلعبجيلامكرتدقفلاحل,وسرهلاهنيبلامارحناكولفهتارم,اولمحفهيف,رثكاةشياعثيدح,ىلعراغاوورمعقلطنافركبىلعاوريغينااورمااون,يرتعياماريثكوهوبضغل,تناكوةيعازخل,نعكسميناكدمحانافرهاظلولبحيرصباذهسيلواعبراوء,اقمثىحضل,هلولاوةفينحيبانعفورعمل,رهظيةنزاومل,هوهنعتاياورل,عوطتلاكوهفاهدعبلواهلبقعوطتل,هذهصيصختدارمل,هذهنمدحاول,جورخومهتيطختىلء,هلهثعبهلمعنمدنجبوهامنء,ىطعافاعابرااهمسقف,نمىلاعتوهناحبسهرايتخ,يلهترمعىضقامل,هلوقيامكنينثابهقحلااذء,امهتطسبماقاذاواهيلجرتضبقفهديباهزمغدجساذافةلبقل,نمعفانندبل,طخياريثكناكورافغتسلابهتبطخمتخين,هنعهاكحقدنخل,هعجويفلاقىتحنينس,ناكناوينازل,ديرثنمةعصقوايتارم,ردابلبادحاواماعهضرف,يشلكيء,ريخونارقل,اهيلعركنيملفيكابجعايفهتعاضء,عجيملوهيلء,عفديفريثاتهلث,هلورامحلاولغبل,رهظفةعمجل,واهجياوحء,زشنتلوامحلتبنتلوعوجنمينغتليتل,اذهيفيورء,ناهركهناهنعهلل,دبعنعملسمحيحصيف,ربتعيلث,صخرمث,اعيمجامهبلهاف,هذهريغةملميانغل,يقيقحريغويقيقحناعونء,نعيهنهناويحاصل,مهجايتحاومهودع,دحاماعتناكنيسحلاونسحل,يباثيدحنمهفرعنلبيرغيذمرتل,دععقاومرظن,عيبريف,ناكوةبابسل,نيميلاويعدمل,اذههباحصاضعبطبضدق,لذلءاودن,كذبنيناةذبانملاولماتريغبهبحاصبوثامهنملكسمل,عيفعينموهلرفغيرفغينم,اهبدتعيللاقضياحيهوهتارم,اهلمحركنافلماحتناكوظفليف,نمتخلاولاقفهرصتخم,اوناكلوء,ارارقاوةفرعمهلل,نبرمعنانيريسنب,فاضناوهلمعيضتقمل,احيفلمارحل,اسلجرنء,جوزتملللوقين,ناودبعل,مهيلعمحرتلاومهلء,قرفهلوقواولاقراسعلاوبيعلابقيرفتل,ةشياعتلاسلاق,نااجحل,هتنيزمرحنمىلعىلاعتوهناحبسهلل,جحللهرفسوةرمعللهرفسواهرثكاوهوداهجللهرفسوهترجهل,نمريثكوعبرل,نيبنممايقلابةعمجل,اروفغنبباوللناكهنافلتمثنيباول,دحوىرتف,اق21,قحلابكثعبيذلاوىلبدعسلاقفلملسوهيلعهلل,مهنذاتسلةمينغل,اقشيرقلاوماتناكوماشل,هباولجعمهنافهتماووهمهنمهلتقنماماوهدهعوهلبحت,اذهيفنافاضيء,اهيفةجاحل,ناكفةلهلابنودعياوناكامنء,مهيغبومهرفكىلعلىلاعتهلل,هجحيفهريسن,يشصرحامهنعهلل,ناكللوقل,وبطملابداراهناف,نيلمهواملاعسللديجةيرلاوردصلاوقلحللعفانفيطل,تتاءادوسل,اهحلصودبدعبرامثل,هماتنزيذل,ىلعسيلىلاعتلاقفنادبل,يضرسنانعةياورل,مظعانمء,تكهذهوملسل,هليلخةفايضيفىلاعتهلل,نماذهء,يكذاذء,عباطهيلعنلفنولوقيونورخل,دعبهقرافميفبيطل,اهنلويهلل,ناكهنانايبوملسوهيلعهلل,اقءلخل,نييلعيفباتكامهنيب,ةياغيفربخلاوطوقسل,ملعاهللاوهلاطبء,اماودمحانع,نبديعسمهديسونيعباتل,نيبعازنةلاسمء,اهبرشمثتايل,ضعبيفواهفقسهشرعلعجناباهصيص,مهومزمزىلء,هتاجنودبعل,رياسكبيصعتواضرفبمهثريناطرشب,اريسفتنوكتنااهبتارملقء,ةصقيدينيبمدق,ىلعصن,شرتفيلاقنممهنموهلل,امكهنامولعمل,يضرسنانعتباث,اوءاجفمهبفتهف,عيمجرصحنكميطباضل,صتنالبقتامهناربخء,احاذهن,دحااهبلمعيل,ناودمحموبالاق,وهيفعنصلامبهبقاعيهناوادبعل,درجملءاربتس,يرمنملعفاوهارماوهلوق,نوعديوخوسنملابنوكسمتيفنيدشارل,هتلصعطقيهناهنعحصهنافةرتسنكيملنافابص,يقثقارفناديريةورع,ةروسةءارقةميل,عقيخسفلاوقلطل,اذهوملسوهيلع,نمتلقةشياعنمملكل,هذهناعساتل,دنعوننسل,اةهبشء,طقةرمعرمتع,دبعينبعيمجذيمويامهملسابملسء,نملجرءاجفملس,انثايفةديقمةماقء,ةريرهيباوةضحرنبء,هيفنانورشعلاوةيناثل,نمامهدحانيهجونمقياسل,ناحبسنولوقتافنء,اومصتخافاهنسترسكفةيراجتمطلعيبرل,هلنو,ابغاهلعفبحتس,يفنيتعكراهدعبيلصيوةعمجل,نيبوةيورتل,عوفرمريغريبزل,تعفدتساوتوميليذل,مهنعةياورلاودوعسمنباورمعنعظوفحمرتول,ريغلهزوج,نودصنل,ىلتبملء,ينثدحولاقاعمجغلبىتح,وسرنعهنعهلل,وسرةنسنعبغرتالاق,نهوقلطفارقوضيحل,اهفلاخيتل,اريخطقكسفنبننظتل,نمةناضحلابقحاتابصعل,هبهتملهلل,حرومهدنعنمشيرق,اذهلواضيء,نعليقعينثدحث,ىلعلديامموهريغودمحء,تجوزسوفنل,نمةعاسلكيفيلهاوكلاصلخمينلعج,اذهوىلاعتهلل,هتبوقعناملعيملازعامنافميرحتلاب,رماويهقفرماويوغلرماروماةثلثهبقلعتيث,ةحلصمترهظاملاذهلوهاذاوهبس,خيشلاقهر,تناةبادلكرش,حيلهناتناكبرعل,هرضتملكلذلعفىتم,هيلعاوددرف,ةيكتشمللنذايململسوهيلعهلل,هنعلدعيلوهعفنيهنانظيث,هاىلعوةاش,هلربعفيكلماتفء,يضرةشياعناةشياعةلوم,اذافترظنفموقل,هبتبذعباذعةيقبةماعل,اهلءاربتس,فانمدبعينببابنمهلخدهنء,ركذوىكز,اجحبلهانماماولحفةرمعبلهانمامافجحلابملسوهلء,يفنيداجيانيدعصمرارفل,تاجارخنيعاوطلاواهنمدحاوهنافنوعاطل,ءاسنايىلاعتلاقفتاوهشل,بقنيذل,اهلبورشملاولوكامل,نبزانكدثرموباهلماحناكوضيباءاولن,ةفرعبةفرعمويراطفء,نبرماعينف,همدخاناهركتلهفمداخهلسيلعياضخيشةيمانبلل,دعتلواهرتشتل,مهوعديرهشاةتسانمقافديلول,عمىعرتناكسفنبابراف,ماكحاوهباقعوهباوثوهرماوهقلخيفهتمكحوهناحبسهلل,ذودوسلاوقرزلاورضخلاورفصلاورمحل,ختوزاوجلابىلواابحتسم,وسرنمهاعمسامهنانادهشينيدهاشبتيجنء,قرعهعزننوكيهلعلاذهوملس,هيلعتمقانميدلتنكاملاقهناهنعهلل,نافةيياغل,هجتنمهيورياثيدحتبثنلانالء,نعنوجراخربدل,ةرمعاهولعجيناملسوهيلعهلل,مدقتامضعبركذف,وسرلزنوايشام,دحاهنء,ملعاهللاوكلذيفنيدشارل,ربكلذامناوهبراقانمدحاةقفنىلعدحاربجيلهنااهدحء,يهلبفعا,يفاهسبليبابجث,بسيفكشل,هيففارسل,راحلاوراحلابدرابل,متتهتمعنبيذل,ةعتمخسنتةيء,امعاةرمعللدرفيملوهدحوجحل,ابيرقتلق,انلطبااذهبواولاق,اذهةيعرشمدعلةدمل,يفهنافمعانيطقيل,ارقاوايبافملسل,يفاهب,نعتاياورةثلثلاودلول,وسرنعةنس,ناوةديافهنعتوكسمللرخء,هنيبماقملاونيتعكرىلصف,خنمجورخلابطايتحل,هنعهريغلاقوكوبتةوزغيفتناكاهنء,يفتنذاولامكءيش,ربيخمويبامهلاديقمل,مكحاميفلصف,لذىلعملسل,وسرلسرنحناولاقوةتيماهنء,نمهاطا,عجونمعفنوحايرل,ظحجنمعفنتاهنء,عجريلوضرل,دلاخوباانثدحةبيشيبانبركبوبالاقمهنعهلل,اقفهدعبهضعبيفوملسل,يوطيناىلاوقلخ,انجساهذختافمهردفلء,ديبكرمايفلاقادحاتملع,دعقاوةيحانةارمل,وسرهبىضقةدحاوكلتيقبسابعنب,تسيلةقفتمبابل,ةقرحهنعتلازوهتدعمنمىصحل,ىوعدىلعارفعجوايلعملسوهيلعهلل,ءاشنملةثلاثل,تامعلاوتاوخل,مويضافاملسوهيلعهلل,هيذوتةكوشهبيصتهيفوهيذل,انرصامناونارهش,وقىرجمراجهنلومومعللحصالول,حاصلضيرعتل,وسرصرخامكهسفنبصرخينازوجيمامل,هريغلاقوةغدلل,يفنكلس,ءاعدونايحلينبوةيصعوناوكذولعرىلعءاعدكلذ,ءرقلاويضقيىضقكيرقيىرقنملتعمل,ىلاةرمعلابعتمتنمفىلاعتهلوقيفلخدويدهل,هتركذامناواميظعاطخرهاظهنء,كبروانبرميظعل,يدحلاواهفذاقدحيملهبسنيفندلوك,هكرتوء,يزتوء,وهيفانلهلل,جضناوةيرل,نمةعنامةلعبللع,ماقتناهيهنضقانيلاذهوىلصمل,نلريضنل,ركذوهواهتثونل,راتخيوياهيفةريخل,وسروةنيدمل,نمهذخانملهناوهسفننود,ماتناكاهناةشياعنعرذتعادق,هتيصانناوهتاهماوهيابء,ادنمهلل,ديلوقيوهوسانل,اقوحيحصهدانساوةعبرل,ريغلجرخهناعتمتملابنظيابجعل,اذهاولاقفهربقىلعاسلاجربقلكبحاصتيارفلاقةعمجل,وكشريغنمنيملسمل,قووضعبل,يلسءاج,اهدلوواهطيقلواهقيتعث,تناكفقاحسء,ةيتفتن,دبعنعجشل,دلوااوملعينء,ىنعمراجل,صوفدهتج,هرسنمث,وسرتعمسينافاهنماولكتلاقمثهيلعةنيبلتل,ىلعدمحاصندقوهبايضروهيلعاق,نامعزهنااهدحاماهواةثلثكلذيفم,هلتقبلاطيبانبيلعداراف,نيسحتوهنييزتنلواولاق,اهفلتنعهلاسيملهنايناثل,ةداميهورانل,هرثاىلعقرفيوهلوق,وسرهبراشاامكمهودعىلعمهلرصناكلذناكاذء,وسرعمانجرخيراخبللظفليف,اذهوةمحرلاوةدومل,دهاشتبثمهنلللبلوقلوقلاوةميل,رصقنلنحنونيقابل,اهلوانتيهنافنيتقيلطتةقلطملابصتخيملناواذ,هيفهلنوذامريغاهيلعديازلافةدح,ناةيلعنبليعامسء,ةملسمنبدمحمناهلل,سوءرىلعةوعدل,امدقفاملنحسنالاقهمضوملسوهيلعهلل,يضررمعذخافةارمل,انعمجادقلهللاونايفس,جرختلوء,رمعنبسبسبث,ةصقيفيراخبل,يفتداعلاهوزجعولمهنافاضيء,وقوهولثمل,شراهعمبجيلهورهمل,يناصعدقفهكرتمثيمرل,ميفملسوهيلعهلل,تتافيناواتذختااذء,ةعفنمباهذبانللعوطقفنيديل,دهاشدقوملعوالامواهاجواةروصنمهنوقشعيامبحب,هطقساامنء,رظنيوهبشل,قيلولجوزعهلل,هنعتبثيملوةمامعل,رتسنعهنتملواهندبةنيزنعةداحل,اقفنلفينبةيراجبتعقوكناينغلبلاقينعكغلب,انرايدنمجرخنلانء,وسرنعسيلكسنل,هيفنوذامل,رياسنيبونينكرل,نمغضماهلل,يوتستلصف,خيشهلاقاماذهريظنوتلق,لميدبعل,اذاممااهقلطاتلقفكتارم,قتعيملسوهيلعهلل,ضولابملسوهيلعهلل,نمدوجول,عجامىلء,عبسيفابكاروايشامفاوطل,هذهبمهموقااهبسانل,اغوبصمابوثسبلتلولحتكتلوبضتختلوابيط,اهعورضيفامعوعضتىتحماعنل,قعوضعبنملهسااهضعببيقع,قايسوهنمبرقلاومرحل,ناىلعملعاهلل,نمهيفرذعايرتشمل,ناتملعاماهللاق,عادصيهامنافاهنعينغوهوةقدصل,ةعرزوبالاق,ذفنيواهنعمهيلجينانيبوجارخلاباهيفاهبابرء,عجرفاهيفاوعنتماورهشنمابيرقاهيفمهورصاحفمهيلء,لذاوكشفمهعمءاملوسانل,تاذةوزغناىلعلدياذ,رصنيقاتعل,مثهيلعهمودق,اهكرحيواهبوعد,هدعبنمناكلء,همساوبهلوباوفانمدبعهمساوبلاطوباوسابعلاوبلطمل,اناكوامهتويبيفادعقةرارموةيمانبللهنااهنم,ةريخناكوهقلخىلعهنمتء,اهعمىنعمل,نازوىلعنادبل,دجتفيكينربخاكللوقيوملسل,امهريغورباج,اهيفنعطل,مويضرل,دنعءانحنلافاضيء,رجاهامىلء,نوضميونوعزفييانوحلاصل,نمنيعباتل,يفمكيلعلخدادقلجوزعهلل,امبرفىنزلابهريغاهيطودق,ويانعديزنبدامحركذ,ىرخاةلزنهاردقلولاقمث,هسفنةوقبنوكيعورصمل,هترتسةبرحل,طوقسىلعليلدهيففةناضحل,هيفموقتناقحا108,هيدهنكيملهناانملعقيرطل,عبلوهيفراغالومارحل,هناحبسوهويعجرفاهاوسنارقل,قعيولوبل,هبدصقييذل,هنلنمضيانباحصالاقففلتفهيلونذء,هيلعنكيملتلصحةفلضرل,اودبسيلهنء,هولزاونل,مجراذهنمولبةرهاظل,بقتساوهيلعىوتس,هجوذينيحليواتللامفهيلعاهرقاواهلعفنسحدقملسوهيلع,يصيلناكتلاقملسوهيلع,اهقلطنماهلتيقب,يناثلابوةثلثل,ىلصهتيعدايفظوفحمل,نعةنيدكيبانعتلصل,اغلابلجر,اقمدل,ناتخوهدلويفةنسقاحسء,ةقرفنلدرط,يههذهومهلرافغتسل,بردقل,تدرااملاقف,ضعبهعمسفهلل,وقنلوميرحتل,كاورمتل,تنبةنلفىلء,هدبعلملاظريغماكحل,طاخيفجلعل,ءاجفنمء,تاذيمسامنء,ينربخافتيراامهيفتيرايذل,لذكوةيلعفل,مكاهفصاخباوجب,لذبةارمل,ابطللاميسلةيهلء,تقهءاجاملقيدصل,هيفحيوء,ىنعملحيضوتى,ملعاوعفاننملجاوهوينايتخسل,ءاربلاوكلامنبعفاروةحاورنبهلل,حيحصيفوهوهحيحصيفمتاح,اةاكزيفواةبياسقتعانملهتوبثيضتقياممومعل,اماملسمدازةذبانملاوةسململ,ىفنىتمهناقرفل,يضربلاطيبانبيلعلاقكلذ,نممظعايهةحلصملهدحكرتلبليق,هنمرغصالقعيونينسعبسنب,هبلخيلدروتاذوعتلاوراكذلاوتاوعدلاوتاهجوتل,ةفارلاوةمحرل,ءامسانمدمحلتلقانهملاقةاشةيراجل,وسرايتلاقفتءاجةارم,ريخةميادةولحىلء,هالاحتلء,اعيمجانمدقيتحهعمانمقافانعماوميقافةماقلابانرمء,هيفنىلعةثرول,نعديعببيرغدراوهنلادجةارملابرضيهنافاضيء,يكرشمنماهذخايمل,نيامهللاقفاوبيغفهلوسر,مثاننيديفهلحتسناموتبذكامهتلقبذكل,هعقومريغيفعقودقهملس,هنعيجيملوهللابلء,يسمينيحكلذلثملاقنموهمويركش,اهباحدهيلء,نممهلقنينالاحمل,يشملاومهزيانجعييشتومهاضرمةدايعومهقوقح,دبعنبىسيعهيوريفيناثل,ىلعدقعنكيململسوهيلعهلل,دحالصيلامكربصل,ةكيلمللليربجلاقام,قاثيماوضقن,ىعديةمينغل,سلاجوهونيتفيفخنيتعكر,اذهنعربعيفاسمخاهددعناكامةعاضرل,ةحتافبنظل,عضوىلء,ةلازلةنمضتمل,هنعهلاق,يفظفليف,تامولامكةمل,هنافهوقدصتلسانل,اهلزوجينلفهريغبقارفل,يهوهتجحيفرمتع,اهلهنمروضحريغنمةصقل,ةقفاوممدعنمنوكيناسداسل,لمىلعثداحلابدوجومل,ءاشامهتمحر,ةوعدلاويحول,اقفعرفل,قلعفانيكسمنيتسماعطء,وسرىتاثراحل,اموياوموص,مهلهلوسر,يقلابغارفتسل,املاقفملسوهيلعهلل,ةريرهيباثيدحنمملغل,يعروهمياهبيقسوبرشل,ءاشث,اوريسينايداول,دحااذهوارشعورهشاةعبراوالمحل,حاكنيفلء,سانياذهوهيلء,ةبسنلابوءيش,اتكيفعق,نمملظللهبسكمثبخلهثبخنكلوملسوهيلعهلل,حتفماعملساامنء,ةرثكوبيطل,اهناامكقادصل,مكيديابقبيملفةمرحل,دقبيطل,ىلعتلزنفةنيدمل,سبحيضباقسبايراحدوعل,ريغباهجيوزتزاوجىلعلديامكلذيفسيلهناباوجلاف,اهنعلقتن,ضولابامهيفطينارمامدء,نمريثكواهيلعليوطتل,هليبسيفملكينمب,نملهنا8,تكوىرتامبكبحاصربخالاقمثلعنتلويخلابرماوماق,فهلثممكحء,يهويتفلاس,زنااملنيكرشمل,جاحنبدراطعاومدقفدجسمل,هووهتيدهلبقفبهذلابصوخمسدنسنمءابقواباوثء,وقوهوقحل,زهجامكةقدصل,ايزيرغل,هوفقيهافقلاقيوفقل,عماهميلستنكميلءاضعل,رشاوهدحوبرل,نمامهريغوسونيلاج,دبعنافرظنسابعنب,ىلعوهيلعدرينء,دمباهريدقتبوجومزلتسينيانمنكلوقورفل,درجمبهذخاينكيملهنلةداتقوباهنعتكسامناوامولعم,يهلتدجواذء,ناذالبةماقابةرخل,نمدحاولكظعواهنم,يفنيامكبونذلاورقفل,دعبدوعلابلء,ظفحةثلثنادبل,لمياهبلوخدمل,دصافل,ايحهلعجيلبهضفخيملوهساربصنيملولدتعاوهدموهرهظ,نزحلاومغلاومهل,هلقبيملاهلكةيودل,نيزتتنااهجوزاهنعىفوتملل,مولعهلانتلامماذهوء,هعمجبةرملوانمهيلع,دربلفيرخل,يتايامامارحاهنمتيتالاقفىنزل,ريظنراهظلافعيبل,وقيوهسفنب,صهلاثماذهواهفعضيملواهترارحداضيملاييشفاييش,هجوبيسمتلاوحبصتلاوايفاحيشمل,للوقيلاقينربخالاقمثهقتعافجاجحل,وسرلناسغةوادع,ناوهبم,نمةظحل,ةثللاونانسل,رخفلاويغبل,اهيلععقولء,دقوتايمحل,اقكلذكوةرمعبتلهااهنء,لذكوليلدل,ذاذهسكعومكلترفغدقف,ىلصهناهلل,اوناكنورجاهملاولول,وسرهردق,اهنعهلعفولخيليتل,قبساميفء,يفمهوناكناوامامهناف,عنمنمونيبهذمل,هوةباحصلابهبوجوصاصتخ,ىلصهنلنيهجوىلع,امهنمترش,ملعاهللاوةوقل,يربجايءادوسل,نمدوقنعلاكةلخنل,ناضمرنمهيفكشييذل,نمانهداورهشفصناهنمانلكافربنعل,راصملاوراصعل,هفلخىلععامجء,اهنافةافاعملابةلبقتسملاوةيفاعلابةرضاحلاووفعلاب,هلضفنيببلقتيدبعلاوهلدعيناثلاوهلضفلولافكلمع,هلوقوهورشعيداححيجرتتمث,نعحلاصيبانعهبث,اعيمجنهلصف,نابباجء,ملعاهللاوهنمفوخمل,هذهنافعضووامظعواددعواةسلموء,نمسمخء,ناسليفتونقل,دحاانمدق,اذهولاوشيفةرموةدعقل,ثنهلكنهنمنوكيىتحربكاهللاوهلل,وقينمىلعدرل,فوجراكتمحرمهلل,تادجسعبرايفتاعكرتسسانلابىلصفملس,اقفعيطتساللاقف,يفهاندهاجث,هبصخاممهمرحيلمهدرومهسكرافمهبح,ارسعموهواهعجارنافاهتعجر,اهحرجففيسلابورمع,اومارتفةدابعنبدعسعمراصنل,نماذهتبثدققاحسء,راهنلابهنعى,يشىلعملسانمناهيدهن,وهىلعدروافميرحتل,هنعطقدحالاق,ماقمميقاناعلل,ناكواوبرهفنيكرشمل,تدسفلمهءاوهااهيفقحل,اجريبانعيراخبل,يفينيدمل,يفهبزحوهيايلواةيدوبعجارختس,هدهجلذبيىتحهلامبزجاعل,يفوهيلعظفاحينكيملعباصل,رمعوبالاق,دسحنانء,ةبحممزلتستوهلل,نايفسيبانبةيواعمنعنيحيحصل,يفرظنيلصبرتل,يلامةمامااباايلاقفةماماوباهللاقيراصنل,اهبينهتلاباهلاننملءاعدلاواهبرةمعنل,مكناوهورخء,تقتومل,امهونيعبصاضبقيناكورجحنبلياوثيدحيف,ةروذحموبان,نعتباثلاواهفلخهنعيوردقودوعسم,مهضعبححصوىوراوةكتاع,امكةعفنمل,هاقلتنليق,عيمجنمماوعل,اقفدمحماييلعزهجابحرملاقفامهعطقفبحرم,ناكاهضعبيففلبلاوةنكملاوةنمزل,عقيلهخسفتنالبقاهقلطاذء,نايفسةياورنمهاور,عفنمبجعتوهفيلء,نعاجورخىمسيلعفلابضرمل,ةكممدقنيحفاطملسوهيلعهلل,موصبنولفتحيلامهبمهلافتحاوهموصيفسانل,مساقلاوةفرعبترهطتفاهنعدهاجملاقنكل,تفيضااذء,نمرمابء,ادازمهنمذخ,نافةقفاوملاومايتلل,هذهواولاقميرحتل,نماوجرخاواورجاهنيذلافلاق,نمعفنيوليمامدل,ىلصهلوقهلثم,تومونهرل,نيبكلذيفقرفلهنء,اوتابفليلل,هكرادتهيلعزعيفةلهولوانمهيدينمهبيبحبهذيفقلطم,نممرحيامهنممرح,مثةرمعبلهيلفةرمعبلهينادارانم,يارظنيلفهعاجرتساوهبرلهدمحىلع,يفبطرراحبطرل,عمجيمهناعلناحيحصلاوىلاعتهلل,هذهنمحيحصل,ىتحتحربامف,ناهلوقىلء,بنيبطاخمل,يفةبارقلاوروكذل,هلقهيفكيف,مامتنممهوزغناكفملس,يفدمحاوةفينحيبابهذموهوةباحصل,يفلودمحامل,ملتسيهتلحارىلععادول,يدحركذمثديعل,هريرقتمدقتدقواهببسدجوث,نذابعفانهنء,بقافهانعدووهنمانجياوح,واهمزتل,وقيجرخاذء,ناحبسلوقيمثربكاهلل,هدنعحلصتف,طقمكحعاضرل,ةنيدملابهعمنحنوملسوهيلعهلل,عاوناةرشعديكاتل,لامنبةقارسةروصيفسيلبء,اقفليبسهيلء,لكعيبةلاسملصل,ةصقيفبجرلوايفمهلاتقبنيملسمل,قولخمريغقلاخىلء,ديقانعةلزنمبلكللتيبل,يدعيلناوهفهمسجةيقبدعيملوهلاحىلعرمتساوفق,سبلنعملسوهيلعهلل,طحلبقبرغمل,ارورجمبوقعيناكلهومتركذامكرمل,لذكوهتعفدوضرمل,اذهةصقيفرظننميقهيبل,راحوادرابوهلهفلخهيفودوساوضيبء,ةعساوء,اممهمزليهناهنعهلل,وقوهوليمااذهىلء,تكيتل,ناومنغل,نماثلاواثن,يفةغلابةمكحهل,اهلفعاضيىلاعتهلوقكردقل,قرفيوامهنيبعمجيامهديسدبعلاوةمل,نمنكمتيلجوزل,هاذهقيدص,اوبرقمثىلصفاضوتفةلصل,اهلعجونيكاسمل,نعيتماىهنااناورانةيكومجحمةطرشولسع,صرحىلعليلد,مساوميفةكميفكلذبنذويقيدصل,ريجعنبعفانميدقتبجعل,ابنمهنافقلطل,دبعنعرجاهمل,عبطلابرانل,امداسفلاولهجل,ىلصيشخهنابوةنيبهيلعمقيملورقيملهناباذهنع,لذنماولزع,نعاضياهجامنباويقهيبلل,ميقمةلصاهبيلصيهناف,قلطبسيلعلخل,مهلبتكيذل,ةيشخوةرورضل,نيبنرقملس,لمطاقسء,يفرهاظهيلعقفتمل,نمذخاينالبجنبذاعمرماملس,هيفعجرلةيانكناكولوهديقنء,هوهدضلصحبلقلابمقيملامفبلقلابمياق,يضتقيامناوهبابحتس,ىلعهلمحعنميامظنوارثنمهمل,هجلعامهنموء,هلخديناهافوتينابهليبسيفدهاجمللهلل,ذغينطبلل,دعبهسلجميف,ناوااذ,هحيحصيفهلوطبث,تناكيعازول,اديزنامكدهشالاقفرجحل,ةياغوههبءاجيذلافكلذىباتعراشل,جرخنملواناكفكلذىلء,هداضياممهلرسييهنافهدابعهلل,يطيهنميناتسبل,هدروعومجمءاجاهيلعظفاحيناكيتل,اوردقامبولطملاوبلاطل,قحاناكةفطلملاوةيبرتلاوةقفشل,انتانسحوانتاييسنمىزجنمبفهلل,بهحنمرفواوهاياطعلزجء,تلصوىتحتراسفةروماماهنافاهوعدلوق,هتمكحمتتلءيشكلذيفهيلء,نمزملسوهيلعهلل,نوحلفتمكلعلهوبنتجاف90,اموينيعبرامثةقلعاموينيعبرانوكتةفطنل,هتاذبجاتحمهاوساملكوهتاذبينغل,ملعاهللاويبعكل,مهضعبلاقفهيلعمهوحلاص,نمتلز,ازىتحهذخاق,امماذ,هتلاخواهيباونص,ميمتينبىلء,اقيوفانمدبعدلوء,ىلعنكستاهنافةيضرعل,تكملس,راصوهراطفء,دعيملهنااهيف,هوةشياعىلعلخدىتحقلط,وصوغبصيمليذل,هبمركاوحنةيدعتل,همذيذل,اوفلتخافمهيلعهلل,هبمتبلاطامبمكبلاطننحنواولاق,هعيبيسيلهنء,يفاهتاقوانوناقل,هنمدوصقملافةمل,مزعلابوراهظل,نافرفاكنمةدعل,يدومعريغنمناكنء,قحكلتنافهلهاةيحتلبقدجسمل,اهضعبلاطباوتاييسلاوتانسحل,ىلعلخدفةنيدمل,جرتيارلاقنارمننبديزينعنارمننبديزيلىلومنع,ناقيقحتل,قحيفةدعلاكةمل,ىاراملدوقنعل,جتةجوزل,تكهيلء,يلعنبنسحلاوسابعنباورباجوتباثنبديزوبويء,جلعفاذهفرعاذء,يرلابنوميقياوناكميهاربء,يففناوكذ,ىلعلاملاب,يفهبىتفاوهحورهلل,ولقتفرشتساوتضح,انعيابدقفعجر,يامثتلقمارحل,اقامدعبهتلتقالاق,ةيمستومسابءيشل,هلبقنكيملاذاوكلذكناكنامدهشوتح,يفىوردق,روهمجهقفاووهلهاوملسل,نمناثواةدبعاوناكامناونييباتكاونوكيملقلطصمل,مكحيفسيلياهلل,يتسلاواهزوحباهوكلممهنل,ضفقاحسء,اقهناهنعحصولمرواةخبسواتناكابارتاهيلع,هوكرشمذيم,دتعتناةريربترمااهنعهلل,نماذهببسباشن,وقفلخويعفاشل,رابكنموهواهمعوذوعمتنبعيبرلاوباطخل,اذهيوارديعسنبديوسسانل,هبشافوقوملاوحلملاوءاملاورانلاوديدحل,عنمفهلوقلهبويلنمذشدقويلةصخرتن,هنابقتعياناكامهلاريعبناوزغنبةبتع,ريغفرشبل,لتيفضرعتللوالاقيفناكمونامز,يفيلسيللجرل,ةقفنكلسيلقدصلاقفاثلثتلق,املسكلذلعجيل,اهاورناتضيحاهتدعوناتقيلطتةمل,مظعانموهامبهرمانممهرمء,مويىلاعتهلل,هاوركلذكويقهيبل,يكتيناكواهمفعضومهمفعضوفهذخامحلهيلعيذل,ظفحبابساربكانماضيء,املفاهلتقبرمل,جحلابهمارحء,اهبيفتكااذهلوملعاهدحوةضيحل,ارذننينوزحمنيروتوم,طقدحاهلقنيملوهتجحنمضيفتسمل,دبعمهيفهلوقنمهانركذاميناثل,لذفهلاوعدفهبارشبرشوهماعطلكافهتيب,ةشياعنعحصولومهتاياوردرىلء,اذهديويواولاقاهلصهنابلاطيبانبيلعويناهماورباج,دابعنماهذخايمل,ركبوباهثعبفاهيلء,يدابعنمدبعامياىلاعتوكرابتهبرنعيورياميفلاق,ةلصيفمكاحل,دعاامورانلاوةنجل,هيفلخدتلوةريبكلاوةريغصلاواهريغواهبلوخدمل,دبعتعمسلاقدادشنبعماجنعةبعشىوردق,ىلعفلتخافةشياع,ةدعكةافولاوقلطل,بقتستلرهاطل,يفملسمىورفنهنمةدحاولكدنعلستغ,نيبينلمحفهيلء,ىتحندبل,يدحهنافهبجتح,ءاودونيعل,هنيبليح,وسريفوتفيرهزل,قيضنمكبذوعء,بمويدحاموين,ةوارضكةوارضهلنافمحللاومكايء,وقنفلسل,اهبعفتنيناهريغلواهلزوج,لذيفورداقلداعهناوهلدع,يفدوجومل,اذافهدنعكبوثنيعضترصبل,نملاقنمطلغ,عضوىلعةكملهاحلاصهناملسوهيلعهلل,اهبلسراناييحتسليناوةبقرل,ةفينحوبالاقفهيففلتخاعضوماذهوةحيرصل,مهيتاتنالانورظنيل,تناكلاقرذيبانعملسمحيحصيف,ةكمرجشعلقزوجيلهلصف,هوتيميوييحيدمحل,وسرىضقفتيفوتةرغلاباهيلعىضقيتل,سبلنعيهنل,ارشكهجازم,حلاصمباهمايقوةارمل,هدييفوهواهقاسلمظعل,هقفامء,وسرتيارلاقصاقويبانبدعسنع,رثكااذ,وسرقيرطقرطل,ءاكبسماخل,ابرعاون,ةراجلاوعيبللنوزوجمل,نماهتءاربملعتلةسيل,اهيفنوعمسيلىلاعتهلوقاذهنمنيباوهنمىنثتسمل,عدينينسث,وسرلمعوصوصنل,نمهريظنعرش,يفةكراشمامهنيبعمجل,تهللاقفملسوهيلعهلل,وامرحل,دبعنبرمعنعحص,امكلكلاقفنيفيسل,يدحدوادوبالاقوهنعفقوتل,هالمعنمناكاذ,ماقدحامهنممقيملاملفتارمث,لذركذنمموىلوء,موقلاقوىحضل,دحامويهلوسرهلل,قحلاوامهنيبقرفف,مهلتاقوهللابناعتس,ثكلذدعبملسوهيلعهلل,يلهتتومل,ديجرهنيفناكامهنكاماحلصاوراذقل,اقفمهلمحيلملسوهيلعهلل,نبدمحموةبقعنبىسوموةداتقويرهزل,اقفاضايباهحشكبدج,لامبهذموهوحيحصسايقلورثالوعامجء,ريغلبلسل,امهللاوموقل,اهعضوميفترقتس,راركتبهرمافهيفةدسافل,وسرنعينلاسييرم,قدصهلوق,هذهلاجلعكلذىلء,يفتطرشيتل,توملاباسجننوكينالطبلسغلابرهطيهناىلعنوسجنمل,يحعدوتسم,اقهموننمهب,ءاقلوجريناكنمنومكح,اوطغلوقيملسوهيلعهلل,رثكاهيلعوفلسل,تهوهيلعىدعتنملةبوقعوهامناوهتيفيكودحل,لتىلعلخديناكف,حميفنيحيرص,نعمهتالنمينربخء,وقاذهوطمنيفاهانددرفنيريس,اوطلاخىتحاوعرسافهيلعرهظدق,ىلصانيبناوبسيناىلعةمذل,اهبميقنف,ضفامهناف,نممرحيامهبمرح,يملكعمستمهلل,قوفمونل,راديفاهجوزءاقبانقيتواهدح,يفوهثلثلابرمعمازلء,مرحمللردسلاوء,فيعضلاقفعيبرل,نعركذوعوضومث,طبانماذهب,دياقتنكلاقكلامنببعكنبنمحرل,يفودودمممسقل,وقياملثمبنلوقتامتنء,نمةجحاذهليق,هلناكنمققحتيملنكل,اهيفمزليلفلمحل,ةكملعجهنء,نمضوحل,سوءربولقهببلجتس,هولجوزعهلل,غشومهنيعايفبارتلاباولغش,هنماهتدعيفيهوهقحليملاهدعبهب,رخزلا56,يفمكلتاقنمنوبلغتمتنكمبملس,نولوقيةنيدملاباساننء,يفاهنابربخادقوةمرحل,تكنلاوةيهقفل,ضيرملاوعضرمل,ةيلابداريناحصينيرمل,ثيهوةعمجل,نظوءايرلاوبجعل,يجنلاوةاروتلابءاجنمقدصىلعنيهاربل,هناطلخيومامحلاوةضايرل,فاولعفنافاييشاوبيغيلواومتكيلنامهيلعطرتش,نمهناوةمينغل,عرساوهبوثب,سلجمنعء,رهشايهوةيناثلاوهعيبهباحصء,اماوءاوسعيبل,رعيلنميروثل,اهباوجتح,هتباصاةدرفهللاقيدجنهايمنمء,نمةلزنمل,انريكاذمرطقتةفرعيتانف,ناكلذببسوةبكرمل,ملعاهللاوليلدفصنلابهدحنمعمسيلوليلل,وبقلاهييهتوناسنل,مسحبراشافسانل,دحيناكهنايلذهل,ىلعضيفتامنء,دواديبانب,يطلتىلعاهاوقاراصكلذلفءاذغاهلقء,هللابولمعوةحارصوةحصوةرثكعفرل,هديكاتةدايزوماعل,يجملبقهلعفاذء,ةعاساهنوكواهتقيقحناداراناومهضعب,اوسىلعهيفنحن,مدقوتابصعل,اهمالحفل,اهثلاثلاوقاةثلثىلع,ةراجحلابهومجرفنيطامسهلاوماقوهوجرخاوهوذاوهوبيج,وقيناكلب,ىءارتونوكرشمل,ةيمستنمطلغل,دهعشيرقتضق,مهبذكافءاضقل,ةماعيباطخل,وسرايلاقهيلعهلل,محبدرفنتةبصعل,ناءابطل,مهركذلوطيمهاوسظافحل,اهلمحركنافلماحتناكودعسنبلهسثيدحيف,ثمضيبء,ماكحالصف,داقتعاولوبقلابهاقلتنمهبعفتنيامنء,افنلا17,ااهلثمب,قلطللاقهناهنعهلل,يفهسرغمثلحل,عفينمماقيوةيلول,ىلصهرملةامرل,رشفقعاوصل,عجامناوةضيحناكمرهشاةثلثتلعجفيكهلل,تضماذاوانخيشلاقنضحيملييللاورهشاةثلث,ايفنييمعالونينمزباسيل,يفامباهامراهتدعيفاهلاق,زنييحولاووههملعيلوهنوملعيلوهنولعفيمهوقلخل,ةحكنالطب,اهيلعموصل,فةزانجل,هلوسرلوقلاقيدصتهقيفوتبهيفهلل,رتيملسوهيلعهلل,عفرلء,هلوسرىلعةيمرل,حيرصبتبثدق,هيفحلصتاهنافةارمللاميسلديجنساذهوةنسةرشع,ىلعادبعهلبرل,يمويكلبهاوينعملس,يذيفتناكواةجحل,ناواهناكراواهددع,يقسويعرللهنذء,هفذقوهعفدبلطتفهلاهتهار,نعتايملامهيفهبيساتل,نبدمحمثيدحنمهمجعميفيناربطل,عضومسايقلاولوصل,ارخكلذيفوامهعوقوىلء,وسرلاقفبيجتنميحل,رمعهديفحاهاوريتل,ضعبيفركبوبااهايء,مهلاسمثمهملسدرفهيلعاوملسفملسوهيلعهلل,نمكلذيفاملهتبقريفكلمل,ةلصيفةءارقلابرسيملسوهيلعهلل,نمتخبطيتل,ناىارهناكفمرحتلنمنيبواهتنب,لتنو,وسرايهلليقف,دبعلاقلوقيةكيلميبانب,انغتسلاودوصقمل,ماكحارياس,يتاتاهراصبء,صيصختلاوريبدتلاورايتخل,نابهفهرمابىلاعتهلل,مويهاقليف,ةنوشخولاعسللعفانوهوهقيوس,هيبامساوهمس,اقوةردلابرمعهلعفبعلء,نموليلفهتافنموهلل,ابحتساوشيجللتايارلاوةيولل,ةكرحلاوتغرفتساواتكرتةراضةلاحملتلضفل,هللوقيف,ةشياعتلاقامهريغوسابعنب,وسرغلبهنافيدوهيل,هديمكنمدحاطسبيامكهلء,لمتملاهنل,لذلنامضل,قرطتفلتخاف,ظفلطارتش,يافهلنيملردقيملناودبلوهلانردقدقناكنء,اقوهلعافنملهجاذهولاقهركذيليبرعل,رسوقفاوتلاولكاشتل,اهيفعفديلوقورعل,ثوهبارشلث,يفمكلتقوةنجل,ىلعديزيلةينلابقلطللهلامتحاواراهظناكميرحتل,هاماماويارل,احياهاراىنارونلاقف,اوجهءاجاملفءايليابينفاووهنعهلاوهيلء,امانمةرموةظقيةرمنيترمءارسل,مهمحرناومهلملاظريغوهومهبذعهضراوهتاوامس,يضرسنانعحيحصدانسابرازبل,ةبارقيهونيتبارقل,لذيفهبهتمايدتقتلاهنمهرطوديزء,يهةهباشتمل,هبينعيلكل,ناكناوةماجحل,وسرقيرتطلاخدقواهكرباوضرل,ىلعاهلبصعتلاوبهاذمللراصتنل,رقةثلثاهصبر,هريغوينغمل,هللاقهنمانداملفتيبلابفوطيوهوملسوهيلعهلل,ارشعلاوباحصل,ةلهرتمل,ةمذيفلامل,يلامويلهء,هرمامثمهنعفكومهنملبقاف,نيبهباحصء,نافامهتينبناعفتنيلامهنافكلذايونامهنء,وهبنوفرتعيمهولقعومهتميافحاورل,دنعتيبنفليللابهلل,هلوصحدعبء,يفلاوةاكزل,اذهرثكاوةهكنللبيطمةعيبطللنيلموهوعفنةعسلل,ينفتللحتل,يفتبثامهنيذل,دنعاوماقافةارم,رطفاورطفااديدق,هيافلخيدهناكاذهولماعل,نعلوباذكنعاهلمحهناجيرجنبابنظيلاهيلء,ريغبءاشنمماهعيبواهح,انتموادنسلطابهنلدشالوللهراكنء,اماوهعمدوعيلهناملعيء,درورملنوكبيسانل,ناهناحبسمهيلعرركمثاهباصنواهزكرمىلء,دبعدمحمنمميحرل,اهبدرف,نمحبصل,هعنمبنوكيفدبعللوهاقحهدبععنميلوعنمامليطعملوهلل,ىنجيمكرظنيفرامثل,نمانراصباناعنم,وسرعدا,ةرفصلاببضخدقرخء,امدجيلنمعءاطعتلاسلاقجيرجنب,اهتلبليز,هفعمجلاومضل,دقللاقهيلعاورثكااملف,ناكويلناكيبرعملغلتلقفهتهركملسوهيلعهلل,ةكرشمواةينازبلء,يهلبقلطبتسيلعلخل,ىلصققحوكلذنمابولقملساواناهذاحصء,حصاوضرل,وقيناهيفكيلبكلذوحنوةينلعل,بقهيفدجس,نبةدابعويراصنايرج,ديقهناحبسهلل,راهظلاكهيلعهرثابترتعنميلهميرحتنء,سرفرقعزاوجاهيف,ىلعهدعبنيتعكرل,يبارساجيهل,دهاجنملاقف,اقفبيطهيف,ازعللعمتجيناهيدهنم,دصفنعبونتمدقل,يضقينملء,معلقفاومل,نمانركذلةلاطل,ةعسلعفنلخل,ىلصهدقع,تبهواذاونيلوقل,فارطاىلعهتردقعمهعضوميفهيد,اهاطعيناوجريمهلكملسوهيلعهلل,الاقمكلىزعلوىزعل,متاحوبالاقواحلاصلجرناكوةمرخمينثدحلوقين,مكحلوخدل,ةملسماهلتلاقاملاذهلوهببسنيبوهبشل,نماولحامهللاقف,فاوطوهوةضافل,ههتدعلامكابرمايذل,هببسمومعبمعيمكحل,رظنيدح,هنعهريغومرثل,نعمرثل,مهلناكامنوك,تيضقامرشينقوتيطعااميفيلكرابوتيل,دنععديملوهراسينع,انيتويسهلل,اذهيفمهلعمجف,اميردتلهف,دنعهسفنهكلمل,درترمعةفلخنماردصوركبيباوملسوهيلعهلل,اتعكرامهةرشعىدحل,ةرثكلهبطاعم,ةعيبطوحارجلاوجازملاودلبل,امكاهيلعهرظنةبيغواهنعاهجوزعاطقنابنادخل,نادهشاكدمحب,عميناثل,غوسيلفهلظفلل,هناروثوبلقل,هتيبركذمثضرل,نامثعث,دكاتوهفيرشتودقعل,ىلصهيلعنارجندفومودقيفلصف,ىلعةمدقم,قلطعقيل,هرازاوهصيمق,صتلىلاعتبرل,تياراهيلء,مثسانلابىلصوةلصل,نمضافاهناث,قلطنافمهربخبهيتايمثمهملعملعيىتحمهيفميقيف,يلهاىلعلخديناكامواريخلء,نماهيخالوخدهركوههجوريغتدقوةشياعلملسوهيلع,يفتنعطاذافهيلء,اوناكنياواوناكث,مثنثعبتليبروىلبلقاوثعبينلنااورفكنيذل,اتيمواايحارشبوااكلمهنودنماعدوايلوهنودنمذ,يفدوادوباىوردقوءيدرلظل,نبديوسيدجنعيباينثدحلاقيدزل,بقاولازيملورودل,قفحبصل,ىلعهتقانهبتوتس,هنعدوادوباركذ,.هنعحص,ناتخبنببوقعيوىسومنبفس,رظةحبس,يفملسيلاق,ةدعملابرضيهنمراثكلاورسبل,ذخابللفةيضرمريغتناكوانيص,مهوتلاعفدةعمجل,يفاذهلاق,تبحاصرمافجوزل,بقنيجوزل,هافشلف,تلددق,هلوقهبنودرتاذامفةبلاطمل,اقبىلع,يفونيتعكررفسل,هيوذوللبينف,نمدانزحدقافدانزل,سيقتنبةمطافبنذامفاهتيارلء,هاوةرمعوجحبلهامثربكوحبسوهلل,مهوةوخء,رذناذء,ةيحودوساودسالكرشنمهللابذوعاكيلعبدامرشوكيف,يفوةصاخبسنلاونيدل,مويديعل,نموةر,ثمانوهاذء,اقايتشاوةبحم,عموزغل,ىلعهريغلوناضمريفديزيملس,نوداميهورفسل,يضربلاطيبانبيلعلوقركذ,ىلعنمدقيلهتاوخل,دارافينقلطهاباناوءاوحهليرجحوءاقسهلييدثوءاع,هللاوهلضفاويدهل,اعمجراخ,يشبهحرجيملوهلل,امهنعلدعف,حاصلاقبرقعل,ىلعةفاقل,هءافثل,روصتنمهبحاصعنميلث,اذكههعمموقل,اهعفرنمتنبللحلصء,اهانركذدقوبابحتسل,لامكةيمدتل,جراهبرغةارم,رمعلوةدحاوةبرش,عفنيناكامكحيولاقف,لجيسرافل,هريخيواقلطءادفل,نيبتمسقلةونعتحتفولاهنء,رييختريغنماهبقحابلافاعستتغلب,نعةيسفنل,هلمحنمىلوااذهواولاقكترمعيفينوكهلوقيناثل,اهبجرخييتل,اهنيدىراصنل,نارمااذهدريوهباصتخمناككلذنء,وسرمحتق,زجيملةدسفمنمضتاذء,حتتفينيحنماهنء,هللابتاداهشعبرامهدحاةداهشف6,وسراهللاقفنعلتلتبهذفنيبذاكل,تضغبوددعل,مثراهنل,ةنيزبتاجربتمريغ60,وسرتياراملقلاقحصنء,عفانوهنعهنب,وسرتومدعبةنيدمل,نبديعسركذ,نمهيفاملكلذىلعلباق,دوسيمتكلاوداوسل,طاامكيء,قسيملنملكهبرماهنااهنم,ىنتقيلوهعفانملجامهوةسارحلاودايطصل,مدعوةمذل,نورظنيسانلاواهلبقاتلعجنء,دوهيللةفلاخملعنلابةلصلابرمء,لثدت,ثيدحيفيوردقوهمودقب,ةيقنتوغارفتسلاوةيمحل,ىوقتبمهيصويةيرسث,نورذتوةلجاعل,لتىلعوناكمل,موياومنغ,اهيلعرمتىتحةدوءومنوكتلاهناىلعامهنعهلل,ةرمعنكتملمثتيبلابفاوطل,رتغافهيفاهواملقنامزيفكوبتلزنملسوهيلع,وسردلقةفيلحل,يبنايتلقفيقزريفيل,ىلعلابقلاوديحوتل,لمتلهومويلكاهبوجوددجتيةقفنل,نصحنبةنييعةصق,هرضيملضرل,ىلعكتلمعتس,نالقهلوقبهيلعدرل,هيينعمعومجمىلعهلمحزجيملهكارتش,محلهدوجاوجاعنل,مثكلذنعاناهنف,نعاهيفنيفطرتشاوىنزل,يلعللوقيملسوهيلعهلل,ةلصىلعنومواد,يفاهبناكنمرصع,يخااذهةعمزنبدبعلاقوههبشىلء,هلزوجيفثلاثلاويناثل,عقودقروماةعبراانهاهفهبرىلء,اهوفكتيةدحاوةزبخةمايقل,وسرعمرمهناسوانبدادشنعثعشل,اقحكلذلعجوهعيبزوجنمزوجاهلجليتل,نعرباجنعيياسنلاودوادوباىور,دعسنبةيطعةياورنموهفناتضيحاهتدع,وسرايينربخالاق,حايههذهدعبةلصمهلنء,ءوشنداتعمل,ىلعدرابل,دباهلعجنمدنعةعمجل,صيملاذء,انيلعركنينابجعل,ةعبراهتيدلعجرمعنابيعفاشل,نوكيفمهللاقيفةءاربل,ينبنمتيبلهاةيامجيوزتل,ينجوزونكيلاهانكجوزلوقتوملسوهيلعهلل,مهريغونابحنبىيحينبدمحمورمعنبمصاعويرهزل,زاوجوةارمل,مكحدضنكيمل,مرحيذل,ينبيالاق,همحركلامركذدق,يفهبمرحايذل,بقسمشل,دعبوةزانجل,يجملبقهلنذادقنميعادل,ذلفةقرافمببحمل,ىوردقفتيبل,يطعتىلء,ناةدتعملاوةارتشمل,مويقيض,ةكماومدق,ىتحاهبعارسلابرمء,حاكنةحصمكحل,لامنبسنانع,لتيفهعمنكيملسابعنب,فاوطلاواهيلء,ملامهرطفنافمويلكلنيكسمماعطء,اقفاثلثينتقلطفاهرمايتارم,يفنيعيملهنء,يدحىورنمدحاناكلذبنيبتدق,اباناعازنلوهلةناضحللوقيهجول,رجافلوربنهزواجيليتل,هاذهواهيازجاعيمجلةاكذاهتاكذفمل,نيمسمريغنولوهجمفلحلاباهوتفافمهتلاسنيذل,ىلعةجح,دنهلملسوهيلعهلل,اهيلحواهلامذخاوةريغمل,كدلتةارم,طكيوبنل,ةزمحنمافلخنوكيناوجرالاقوةنجلابهلدهشوهبح,ىلعىتااملكناكوربكاهللاوهلل,وسرىلعىلصوهيلعىنثاوهدمحوهلل,ةنتفنمهقف,اهقفاويوةدرابل,ريغباهسفنتحكنةارم,احصانمانهاهنماولسوهوسبح,دعاقةقفرريسلابرظتنتل,زاجمسماخلاواهدحوهذهزاجم,ةعتممرح,رذنوريسل,نعهيهنلاديكاتهيفهرطفسانل,لهناكضرل,اذهيباتكيفترظناذء,رظنعضوماذهوهيفهمدعونذللرثء,ةغلوهوعتمتل,ناتغلاهحتفوىلول,ضرعوربوء,عوفرمهناىلء,نيهجولانمضواعبتهمكحيفلخديرهطل,ذفنيءامل,هيفناكمادرايهوحدقل,ناكوناضمريفنارقل,قحنويبنل,ةفياطهفعضفهيففلتخادقث,نمةعامجيفرمعلعفامبةمينغل,امةمرحلاكتههميرحتناكفلكمل,خباهتيرح,ملسينيجوزل,رشلاوةنتفل,صاوخداهج,حطسيفةنياكل,ةياورحجرنممهنمقرطىلعثيداحل,دلونمء,نكلسلجااميكلهلل,زاوجىلعليلدفيوغلل,.مهدعبنمونيعباتلاوةباحصل,عيمجدنعدودعماذهواهكلف,ةمياولبقينمفرمعنعبيسمل,اهرخاتواهمدقتنيبقرفلفةفل,نماعوننمضتيوهوملس,نعكلامىورفخيش,هدودحوهتمكحوهعرشاذهفثلثنمرثكاهيلء,دنعمهللاقهنء,هيفعوجرل,عضنمنوكيناث,نايفسث,درجمببجيلنلفدحل,ناروكذمامهونادبل,جاتحيلفارهطم,اقودعل,مزليلوكلذنم,يشباذهسيللاقنيمويوامويدعبكديبكرماهتارمل,ابرلملسوهيلعهلل,نعحصدقف,ةمسقيفطرتشيلوداهجل,ريغبمجعلاوبرعل,ىلعكلملوهدحوهللقحل,هيفلخديوماجحل,ءاقلوجر,مهيلارجاهنمنوبحيمهلبقنم,دعببلسلابىضقامنء,هللداعمهرهظ,ريسمهتوعدتراسوراهنل,ياونوروملاودوفول,وكنلابجوزل,هذميفناهجوامهومهلنيلوقىلع,عضومىلعاورصتقيملواهيفسانل,ذحاذء,نمانركذامبحيحص,وسرلوسرللاقفهباوفاطاىتحاوحلستدق,ةهبشع,هذهنيبضراعتلةفياطتلاق,اهسبلهركانهاهنموربيخدوهيبمههبشااملاقفةسلايطل,هابشاهلعجوملسوهيلعهلل,نيعتيفاهريغوتمدقتيتل,استنالء,ىحنتوطاسبل,ىلعوةراتشارفل,نمتافتلل,ةفرعبيلبقنمء,يفلزنيناهليغبنيهنافةكمنمابيرقلزننمنااهنم,ناكعفانلاقوقلخل,هترضموهتعفنموهعبطوسنجل,هللابولوقنف,ةداعىلعهيلء,رهاظيفكلاملاقفةءافكل,وسرنافىفخيلرظناذهيف,اثانبةمامثملسء,ذاعمواهراطوايفاهبييستواهنع,ةدحاوةضيحبدتعتنء,نماهدعبام,يفارقيةراتوةيشاغل,ماسجلاورانبسيلهسفنيفهنلارانبلق,هبرىلء,تاهمانمةمرحل,هذهنمدلبل,دحانمابجاوواابحتسمواازياجن,مهلاوماجارخء,ناواهيلعهبوجووهنعدحل,اقسمشل,نمدحاوىضر,قورعنايقسيامهنء,اهمسقيملوةونعاهحتفف,موينوكيكلذودابعل,ةياورفعضيوةياورل,هلوقنافاضياوهل,هرحنملسوهيلعهلل,اهرمافةلحارل,نماهتظفحفوصل,نوعجريمثاهنمنوبرشيفليللابنوجرخيضرل,هنعصلقفسمشل,يدابعاييلء,هبتكنمريثكيفيناربطل,هلوسرهيلعمدقفنولدعياموقشيرقسيلورمل,نمزيفعاتمتسل,جلادتعابلمعتس,نمهنافهبلقةايحىلعكبيلفاذ,ناكلولتقل,ضفاضرل,لقاطخوديدمعملسوهيلعهلل,هطلخوسبايةرارحل,رتناوةيوستل,امهدحانيلوقىلع,ركذوحتفل,ثاهنااهدحااهيفةعجر,ىلصهلهاىلعةصاخةفلختن,يفحتفل,ضعبنممكضعبىثناواركذنممكنملماعلمع,نمثيبخل,سنانعتباثنعةملسنبدامحلاق,ارورجمفذحيامنء,افنلا19,هساردنعتياردقلوريخىلء,اهدوعيفرايتخ,اسنانافرمتع,هويقز,هاودوهيل,اوءاجمثانيلعدراموهايء,نوكىلععرفادجهنوكنلتلاخنهتاوخالوادج,جلاقيلعتهركذف,نمنجسيف,ةهجنموةبيوثةهجنم,ىلعلكوتفرذبل,هذهنكتملولفاضيء,نبةكردمنب,اعيمجامهبللهلابهلل,نماصاصقاهلعجيملوهفديبعوبالاق,حلصمهبقعافبعتل,ىضقفتلاقبصحملاب,نمعبسةنسيفكلذواقادصهنعاهقدصء,اثتفهللهكرتتوهنعسوفنل,يفديزيوةدعمل,رتوداشرلللب,ريبدتنع,مهعماوذخاوامهبلط,ىطعاهتمكح,راقيعيابطوصاوخضرللنافاعيمج,نماهرمعامث,اهتاوخاواهتاهماوعاضرل,اوناكامملومهناطلسلومهقوقحنمقحريغيلوهتن,رقيلوهقلخنمدحانمبرقيلويداعيل,هتءارقلنجل,هدضبجويسايقلاوبورضمل,عبنينادعبتسيلىرخاةقرفتلاق,نعهتحصيراخبل,هدنععمتجافعجول,اطخاامكةيسمشل,وسراهيفنذاتسالهللاوتلقفهمدخ,ةنتفورورغيفهنمانكدقفهلل,حاصنعهيفنبمكح,حنيرصبل,مايايمرلىنمبتيابل,يوردقونهرخء,بجيذل,ةيامعبراوافلااون,دوجان,هارتامناىلع,ةدعومزحنب,عماوجبملكتيوهقادشابهمتتخيوملكل,امهورحنيرحنكارقيارقنمزمهل,اذهمكل,نصهنافةرخاتمل,ةقيضةبجرفسل,هدوصقمنوكيناةثلاثل,شمحادعجلحكاهبتءاجناوةيمانبللهلوهفنينيعل,يفقلطصمل,عفهباحصايدهوملسوهيلعهلل,لثهذ,تاياورىلع,اهلنورمشمل,ةمسقبنيعتيملعاشماهيفبجاولاوةيامل,ثيدحيفهبحرصموهامكرجفل,اوبنعملسوهيلعهلل,ةيودلابيلطلابمثقلحلابهجلع,موقتناىلء,مهانلعجفاديكهباوداراوميهاربء,نايفنيبةصقل,تومينالء,هريرقتمدقتدق,هنعرفكوةرافكلابرسعااذء,قرخماقميفملسوهيلعهلل,ةصقنمةطبنتسمل,تناكولونيتقلطكلميامنء,ةبوتلبقيملنمواهدحجهافكةدرل,هننسيفدوادوباهاورامبجتح,داراناوطلغوهوهلوقدرتث,حيرصريغحيحصنامسقثيداحل,سفنبهمزلاهميرحتىونناوقتعل,ريغفداصناوءليء,اهيامساباهنعةيانكل,ركبنبورمعامهاكحنمسل,ناهنعحص,زربفرخء,يفنيبابل,خوفايىلععضوتمث,تبثيملهبرارقل,عفوهدوعل,نيباهريخوفشكتتلنء,اريماةكمىلعديسانب,هرصبزواجيل,نوبلطتمتجرخ,هامهادحء,اثلثملسمهيلعملسفموق,هاوراماهرشعسماخ,همديفطحشتيوهوراصنل,ينباياطخبهذتاهنء,داحهلهالاوحاوهناويحوهتابنوهوجيف,هدبعيمحيهلل,يبانعلوهجملجرنافطغوباهيوريثيدحكهنعحصيللطاب,اخماعطقلطاباذهوهفصنهدعبوةرحل,وقيولامشلابلكل,قلطناىلعلدتس,ربيخناهلنيبتلماتل,هانموهفهسفنلتقاذء,نبةدابعوورمعنبرذنملاوةدابعنبدعس,ةكماهلوخدلوايفرمتعتملةشياعنايفلقنل,نوكلاماوهقف,تءاجومزحنب,ضفامهلرمعراتخاف,نمهوادعاكلذبدادزيومهبويعومهبونذنمهوايلواكلذب,واهببسلث,يفمكنا39,اعمناديعق,يفاهقلطولاذهلوماودلاوء,اهمايصمرحيوقيرشتل,مدعوهلبقمدعنيمدعبفوفحمهنافاضياوريعتسمل,نمنيتدعل,رطمنعهوريمليناربطل,نهولء,هبىضقامكةرحل,ريخللقلاخامهدحاملاعللنيعناصبنورق,رحننعةازغللشيجل,حاكنميرحتىلعليلدهيف,هطقسيلفادحلتاقل,اهيفومدء,يعضاماودنسل,ابسابفيرعتوهيبنتوداشراوفيو,ردقبةصاخهيوباىلعاهنايولولل,طورشنمطرشرادل,ةارملافابياغناكناورهاظفارضاحبل,ةفينحوباودمحابهذف,ديقتفةقلطمامء,نايبذينبىلء,هلناكاذء,وقلماتنم,صيصختنعيهنل,هءامسانلء,ينبىلعلسرازجرةيقبهناحيحصل,اهتيرانباهذلء,سيلاذهوةعكرةرشعيتنثتظفحلوقيناكيبالاق,خديلامنيبوةحصل,هطعافقدصملس,نافهلعفضعبل,هرسلوهنطابهرهاظفلاخيلملسوهيلعهلل,رباجدلاومارحنبورمعنبهلل,وسرعمنحن,ةبسنلابامرحمبكتراوبابحتسل,ةعتمنعىهنينء,اهتنيزيدبتناةارملللحيلهنايضتق,هدربمكحل,ريعبلافلاقبيذللواكيخلواكل,هلعفرنوكينازياجل,قاذاناهناحبسهتمكحتضتق,عضوماذهوهدحامهنمدحاولكلهيلعفنعليملناوهناعل,هذهنملوقلكبلاقوسايقل,وثلثلاباهيلع,نافةنيدمل,رضفةرمهبرمافهلخدمثرجفل,وةظقيلاقيلوهبيرسالاقيلبليقوامانمكلذناكليق,لذيفهبح,رذعتنافنطبل,تلاقمثهنوهركيمويبمهلنطبلء,ةطساولبهيلء,ضفاونامزل,هتيمشتوضرماذء,هخيراتيفركاسعنب,هنعربعةييبول,وقوهويدروامل,ينلعجتلمهلل,متخىتحتايل,دقوهاوباهنعقعنمهلانيامعةقيقعل,ملاسباصتخممكحل,نمعفنيونيرخنملاوغامدل,ةدشهبشومنهجحيفب,رمعهيخء,اذهفةرمعب,يبجنزلاولسعلابهحلصء,يفيربطل,حرشباتكيفيوغبل,اذهيفةاورل,ىلصهتريسلصف,ةريبكتركذلابهلل,اهءارولوقعللحارتق,نيبواهنيبيذل,نمعراشل,منيلفمكدحاىدغتاذاومحللةتبنمةرمللةكلهممغلبللةبيذم,ياظونمحجراومهاوهاميفريصقتلاوةدابعل,امافرحلاوفقولاكةراجل,ردقلاوعرشلاورملاوقلخل,ةبعشثيدحنمهحيحصيفملسمهاوراماهرشاع,معانهفاهيلعرصامثةيصعمل,ةجحلاوةغباسل,رانلاولكلاوءامل,عادصببس,ةضايبينبةرح,نموانيوبل,تيارمثةرمعن,نمرايتخل,نايفحيرصهتلاض,ادمحمتعمسبارطض,ىلصهتلزنمهلل,ناوفصلوقبلء,ركذفلوقتكتارم,اهقلطديريفاهتبحصلوطتاافاء,رملاوداعملاورانلاوةنجل,اماوةملسل,فاوطملسوهيلعهلل,ىلعضرتفاولبسل,مكنعضرايتلل,اتكنماعلضتدبعل,دقاذهنء,ةمطافتعدلوةملكباوسب,ويسنمد,رهاظمهعمعباتتل,تناكوطياح,مشاهونبتدارء,يفنلق,رحيفيتايسوطسقل,نعمهزجعطرتشيلهفىلعل,ضوهنللايندل,دلوللقحوهللقحوجوزللقحاهيففةعجرل,ناكلذعنميلوهيلايليفرطفل,اذههلماكيفيدعنبدمحاوبالاق,ةريربنافاذهلكشتسادقوتلاقامكواربتل,هاولاهجلاونايبصلاوء,ةمودرديكاهليختذخء,دبلخسفةرمعتن,عنموةحلصمللىلوفاهنمهعنمفوههتحلصموهسفنظحل,جرخيامكراحوهوليصفل,مثمهتحاسبلزنتىتحكلسرىلعذفنالاق,كوتوهلل,كاوملسوهيلعهلل,امهبتلخدفحضانىلعامهتلداعيلاخويبابيتمعتءاج,ههملسكلذكهعضومريغيفاذههملسناامكفهمء,اقولوقاهبواذهنمحصاءيشبابل,متحااذاوامهريغىلء,وسرتعمسلاقةريرهيبانعملسمحيحصيف,جريلء,هنعطقسنمهدنعاذكهوصاصقل,اندافكاندامث,هيفهنعيوردقوضرمل,هرصنخبهيلجرعباصاكلد,هايفةمعندبعىلعهلل,هباتكببهلينبدحايدزل,ةلمنلاوةمحلاونيعل,مكدنعمحرل,ثيدحنمهحيحصيفيراخبل,هقلخنمداراولطابلاوليثمتلاوهيبشتلابامياد,هذهامفتلقهاطعالء,نافهيخاتانبنملفطل,هلبقتساوهلاهوثعبفهلاهوثعبافندبل,ايديرتكلذوانارجنىراصننملجرلاق,نعهيبانعةورعنبماشهثيدحنمتاينليغل,اذهبهتماملسوهيلعهلل,يضقتوةدرفمر,وسرمانوهلردقام,نعةرتاوتملاكادجةريثكتناكقافنل,عمجميرحتامهدحء,ةرثكوملعريغنعلاوسل,نمىلومل,ناكلذواهقارفيفهباحصاملسوهيلعهلل,قدصلخدمينلخداىنعم,رعشيلونومثلتممهوموقل,يذمرتلاودوادوباىوردقوةيواعميبانمظفحء,تملعدقلهللاوينكلولدجتيطعادقلورذعبهطخس,حملازتع,نيحلاصللتاحلصمل,سنانبكلامنع,ةجيدخراد,يصتفملسوهيلعهلل,وسرنملعلهللاوتلاقكلذتاراملف,ناكومهدنعدومحمريغكلذ,ماقنملاقهناملسوهيلعهلل,ريغبهقوفامفاروفصعلتقيناسنء,نمتودغذاوهلوقبةصقل,اقوهنععجرتناىرنلف,هفىلاعتهلل,ضعبنايفسوبء,اذغللديجهرشقرمضيىتحقلعملاونطبللقلطمخفنم,نكيملفذينيحوراهنل,عوقويفرييختللرثالواهجوزتراتخ,ناكهناديجدانسابهنعيناربطل,جولاونيتضيبل,نيبناكلاق,هيقلفهيلعمهمودقبملسوهيلعهلل,ىلصهتلصعضوميهوةثلاثل,ةنيكسلابمهيلعهتمعنوهلل,ىنمنماوعجرنادعبادحاوافاوطاوفاطتلاقاهناف,مدنيليلمهلةاناواقفرومهبةمحرضعبنعهضعبايخارتم,هحيحصيفملسم,نلتمدقامنء,دعباوهويزوجل,هبتكهنابمهربخااموههدابعىلعهلل,تبثتروثوبء,ىلعاهيفةظفاحملاف,نمللاقف,.بحىلعةلوبجمبولقل,ادفاوجرخرماعنبطيقلناطيقلنبمصاعنعهلل,هيلعقلطينمفنصلكنميطع,حيلملسوهيلعهلل,ىبرقلا36,ةداهشلاونيميل,يهاهنعهلل,طرشهناحبسهنلهيلعةجحهمعزىلعةيلافلول,دبعينثدحميكح,لاملوقوهوهميل,اذهىلعفنيهجوىلعفايواستاذاوهنمبرقء,نامولعمواولاق,اطابنبريبزل,تءاجفرمل,واطتمضرمبعاتمتسل,نمهتيراجلبقرمعنب,ناتبر,هتريرستناكنملكاهبىضر,بلوضفمل,جوكلذلفاهنعقحهتمذيفبجيمل,اذهدنعنممكتيجدقينء,يهوءارفعنبذوعمتنبعيبرل,هبهنعربخاوهسفننعهبربخاامفلاخ,قحتستةعفنمىلعاضواعدقلماحلاورصاعلاف,اهلوطبهحيحصيفملسماهاور,نينوكترفسلكيفةينباييللاقوهلل,اتقنمغرفدقملسوهيلعهلل,نمزوفلابلوافتةزافماولاقف,كودقةيلكقرطباهتافء,اريسفتاهنعهلل,وهىلعةغلقلطيبيبطل,نعفرطم,نبديعسنبدلاخاهجيوزتيلويذل,ىلعناضمررخء,دهشفنينعلتمل,اضياحيحصوهبابل,ىلعوةراتهسارىلعحسميناكوةتبل,يضريلعةداراوهلاهتراجافحتفل,هيفطيريبكتل,نمعنمينكيملنكلواييش,رديوةدرابل,ينبنمراتخ,يفاهلوصاواهتاهماىلء,ىلصامكبياغل,هبدصقيملظفلبقلطل,يفدمحاوةفينحيبء,نمةعامجنعلهس,هلايينهسانل,رظنفهلحرىلء,يضرةشياعنعةكيلميبانب,هللاوللاقكببعلناىلعلجرل,ايتلقلاقديزمل,هلوقعمهيفكشلاممهلكاذهنولزاناهيفمهيتل,هحفاصيء,اقفهنطبقلطتس,نمضهنورفاكل,نععطقناوييعاياهيفرسحليفل,ةصقيفوهامناومدقتامكنتمل,اذهفةصاخمهلتناكجحل,تناكامللمحل,ىلصهيدينيبقانعل,ىهتناوهلباوثااهيفمهدحلةبيعقرسف,قلعوهيارنعهبربخاوكلذبمزجيملف,اقيرطربدل,هلوقدرتةتباثل,عاوناةثلثوهودسجل,نممهلهلل,مارحللىلصهناهنعلقنيملوهلصميفةرمعلاوجحلاب,لذلهرهقىلعلدتس,هلحكايفهاوكملسوهيلع,يذيفاهلكهرمع,عيبوةلبحل,حاصلاقىتحهباحصانمريثكاهلكشتس,قلحلاوبكنمل,نمةكمبقبيملواضعبمهضعبعبتيلاسراسانل,ميدقتكمامعل,نيبعادول,نملصحيذل,اهيلعسلجيةداسوةيراجل,نماهيفسيلةدجسةرشعىدحء,يداحاولصل,اهسوفنتايفيكبترثامومسل,مميتيسندق,نماييشىتانميقهيبللظفليف,هباهلرمافهتلاسفتلاقنلمحل,مرحهعيبمرحاملكسيلفعيبل,يفنيانكل,رهاطلء,هامسوعلخل,ىلعنوعل,هترافكتناكاذء,اذههيبانعدعسنببعصمةياورنمظوفحمل,لتجارخلهريغواطبلاببيبطل,اولتقومهملسء,نعةمركعثيدحيفامكةدحاوىلء,اهقاذعميلسماىلعملسوهيلعهلل,دجيلدقفكلذنمنكمتيلدقوةعفنمل,دعبنعتلتناةارمل,اناكاريغصبلكلكلوانتيكلذوبلكل,نارجنلهاعمملسوهيلعهلل,اسكوبارشل,لذنمءادعء,بقتسموهةيفاعيفوهنمللاقيلهنافافرعولقع,سفنمكدنعوهفملسل,مظنهدرياذهوتنبلابلوخدلابلء,لذسيللاقيفهماوهيباةبارقنيبريخيفينعيرايتخل,موصعمدهاعمل,نيليواظيلغامغلبلهسيوقهبلاوفلكلاوشمنل,ثكلذلهلعفمدقتدقوةرمعل,يداحاةثلاثل,ءاسانمةءاسء,نيثلثغلبوء,ضعوةناثمل,اورواجيلناعبارل,وهلاثمابلوقيوهفكيفنهضفنيلعجففذخل,هلعايداول,مايارطفيلملس,نمانركذاملباوصل,ابساىوقانمةناضحلاوضعبنممهضعب,ردقىلعاهناةيناثلاودمحانع,نمامهدحانياف,يفخفنوىلاع,مثملكتيلتكاسملسوهيلعهلل,ةبطخمهملعهناملسوهيلعهلل,هبيصنهنمقحتسيفث,ىلصهدارممهفيفروصقل,انهاهةتبل,لثفث,عرساءاذغل,هانمناكنموداهجل,ةيمانبورمعث,هتيصاخوهتولجلةيرل,يشبهوامبرشوعرقل,تبثيلوفورعمبسيلينطقرادل,هوباجافشيرقنمةعامجويدع,هيديعفريناكهلوقىلء,ديحوتلاولكوتل,ىلعمكرجاوهوذخفكلذىلعنوربص,نبةدابعنبديلول,ياسمدةقارء,يحينانوفاخ,يفقيدصل,متلقناف,ىلاعتلاقلاوزل,نابحنباودمحاهاور,يفطرتشملقعل,ىلعةلصلاوهلل,ةظيرقينبم,اذهىلعليلدهيفنكيملحصولوةتبل,يفتباثل,اطرفمء,يقثامويمهءارونورذيوةلجاعل,يلدلداذافهيفنلوكلذىلعهبجاجتحل,ينعاةعبرل,اذهنماهعرصنوكينازوجيفشك,روهمجذخاهبواهلكهيزاغميفهنعتباثل,ةرمعبمهمارحء,لذكوراهنللارتواهنوكنعاهجرخيلاهدعباعفشةنسل,شمويامهدحالعجيفكشل,نمهلظيءانبىنمبهلىنبيناملسوهيلعهلل,لذبابساواهتداعسوسوفنل,ريرجنبدمحملعباركردمهيف,دبعنبركبعمسام,عنمومياصوهوقشنتسيوضمضمتين,اهبتيبملاوةفلدزمبفوقول,وناذاريغنمديعل,ىتحاوقباهلدبعابلطيفجرخاهجوزنافةردخينبيف,نايتلاوةلصل,هلعجاضياهدريوةبتاكل,اهورظناملسوهيلعهلل,دزيملرهطيلاولاقنء,ولسملاوضوبقمل,ناهجودجل,ىلصهمكحلصف,هلحلصيلاممرايتخللحلصياموهاضرلاحموهرايتخ,اضرملعفتر,اقيفورمعنبدمحمنعيدرواردل,قاشعنمريثكلاحرظنيلف,ةيدوبعةيدوبعل,نيشبكللةنيدملابهرحننيبوندبللةكمبهرحننيبزيم,يضررمعوركب,اهبعضيواماوقء,سيللاقهناهننسخسنضعبيفوهودواديبانعركذ,سيقنبدوادابناقازرل,ةريرهيباثيدحىنعمنوكينالمتح,اذهةحصىلعللدتسل,ىلواوةقفنل,عبامللاقيدراطعل,ناهداقتعل,ىوطيذبتابهنافهجورخوهلوخديفةريادب,رجحنبلياونعهيبانعبيل,دنعاميسهوجول,رياسمهيلء,اهاطتملناوتقلطاهتيطونء,نمىلصفديزنبةبلعماق,فاوطاهبفاط,نوكيامدوجء,تناكوهنافكايفهعملعجتناىصواةافول,مزلتسياماهيفسيلفاهومتركذيتل,نمينغي36,ىمحنم,اقنملمحيذل,يفتبثنويفوكل,اقلطمليفل,نهنلتلاخولاوخاتانبل,اقفتاقلطمل,ةضيحهلل,نبةبقعنعنيحيحصل,سايقنابلوقل,اقينعكلذبث,ريصيلرخلاوةدحاوماةلزنمهيلء,نانهللحيلوء,خلسدقناكناولثمل,ماقااذء,مدناب,ىلعمهبضرفل,سلجاذافةضيبلاوةجاجدل,رصتهيففرصتينكيملف,نافةصقل,ةصقويبظل,نايرعتيبلابفوط,عمتجيىتحكلذلعفيلازيلوهرصعرثكاذاففوصل,لمبتايبسمل,هلياسميفلبنحلاقدقرمعنب,ىورفةتبل,تمساهناترقانيحنمتلتقلدهعل,اقييذلاورحبل,اقوكلذنعملسوهيلعهلل,رفظلوةرعشانمضرل,يبانمعمسايردء,اهناسلصميوةشياعلبق,امماكحل,هسفننعردقل,تيوردقةلمجل,ةثلاثلاوعبسنملقامرحيلهنااهنعةيناثل,يكفلاقفهقنعبرضيلفرشبنبدابعرمهلل,رثكاباهيلع,ةثلثاهتدعفمرهوارغصلضيحتلنممتناكواثلثهتجوز,اهيحكنافاييشمرحتللجرل,يناثلاواهبلوخدمل,ناقحاهللاوسانل,هيلعقلطايدهوهفرقبلابهياسننعىحضةشياعلوقامء,دعبهمرحيذل,اهرشعفدياذهلب,مكءانبامكءايعدالعجامواهلوايفلاق,هديعطقتفةضيبل,نبدامحهلسرادقلوقيلياقلعلولاق,اقوناورمنبكلمل,يرغيفديبعوباركذ,دحادنعهلقنيململسوهيلعهلل,ملونقيتموهلققحتمةراشء,رتاهيفاوثدحاامكاهيفهوثدحاوةلصل,نينحبمهيقلىتح,افيتسلل,نمهاراياريهنل,اذهورشعل,ىرحاوىلوانيملسمل,تمرحاواهترمعتضفراهنء,هاورجحل,يفهدبعلديسل,ىلعاهدهاجيناةعبارل,نيذهريصقتنظ,وسرهللاقفنابعشيفلدنجل,ىلعكلمحامةيدوهيل,اناقدصلاقفكلذهلتركذفقشمددجسميفنابوث,هبقعتةقرفللاببسناكاملكوةقرفل,ركذنعهيبامساوهمسابفرعاذء,دشاهقثوويراخبل,سيللفغمنوكيواحلاصلجرل,هلوخدنادوصقملاوسابعنب,يلهلمكريخاناوهلهلمكريخمكريخ,عجريناهلاسوملساف,قيرطفلخمهب,مهملعيناكملسوهيلعهلل,يفريخللوق,هزجحوةيراجلاوملغل,لذيففقوتل,ديريوهوناضمريفكلامنبسناتيتابعكنبدمحملاق,تصنيمثهلبتكاميلصيمثنينث,هفعضوسانل,يداحاملسوهيلعهلل,نافركنمءاشناوروزربخوهفءاشناوارابخء,يفعوطتل,اذهيفنيرمل,يعشنبورمعينربخاجيرجنب,نملبقتلاهملظلواهبطعواهفلتهيفامناواهاوهعا,ادرابءاموانبتاهتفلع,املثموعيبل,صبرتلاوجوزل,رفكلاوتاييسل,قيقحتنماذهفةلصل,نوكوةعرازملاوةاقاسمل,يدحعوفرمل,اضرفرشعةعبسامياداهيلعظفاحيناكةعكرنيعبراراهنل,امعللمهقفوام,نمناكيدهل,سيجنتببسناةراهطل,اهفيلنموكلذريغوحوارمل,يفهتومنيبقرفنكيملوةاكذريغبهتومللحيملهتومب,هذهةماعوهنع,اذهوهبعطقنيلهناوتومل,يفسيلوركنمث,مشاهينبلضفركننلهلل,اولثمتلوهللابرفكنماولتاق,اكيازعميزعاهاصقلدش,نيتقيلطتةرحل,حمنيعدجوقيرطل,وسرايلاقلجر,هلمامل,اهعفنيملاهرضيملنء,يففلتخاثيدحىلء,موصوسمشل,اليكبلء,اهددراوهلل,مهيفريململاعل,يتاونوةعارزلاوةحلفل,اراغصءازجاةعاسل,هدعبوهنعهلل,ىلعلدتساوهتاذنعجراخرمايفيهاقاقتش,نامهتالنمينثدحدقوميرمنب,يباثيدحنمدمحادنسميف,ىلصهرمايف,اقادحاملعالوثلثلاب,ماكحلاوهلقاوء,هللحتلهوهلوسرلتلاقفةيبلكللةزمحناكوريبزل,ريغبكلمل,مسابعنصل,نمامهيفامكلرهظيامهنيبقباطوليصفتلاوليصاتل,جرعاوهوحومجل,تابفهيديىلعهلل,لذىلعلديواطايتح,نافينمل,دعبيتل,نابيرلفء,ىلعهتلمحيتل,نمعقيامناواولاق,اقسملسوهيلعهلل,يسفنتملساهلوق,نمعقوانهاهنمواعم,ابهاذةودنل,يفةينازل,ةيلاعروديفةرضنوةربحيفادباماقميفةريثكللح,ةيامدلجبيثلاببيثل,رذيبانعيرهوجل,نبدادقمللسرف,نعوةعبسنعاهوازجء,فاهربديفاهربد,اضوعناكناونهاكل,اهبيهنل,ادرفمواناكانراقدبلوامتح,صاناكاملف,ةصقيفامهنعهلل,انخيشهلاقلسغلاوحسمل,ةشياعلدقعطقسةوزغل,هاةيدكرتوةلحيتيامللحل,ةاكزلاوةقدصل,حاكنومرحمل,هلغشيفهودعةعقاومبلوغشمسرافىلء,همجربرماكلذدنعفمعنلاقينكيل,اوباقلغتوناضمريفنيطايشل,رماوملسافهوفلخيذل,هلماتفهلهناكف,دنعهلوقيناكام,بسلابتايملهنافقلطل,رغصااناوملسوهيلعهلل,اذهباهيفمكحفبايترل,وسرعجرفمدق,نعنيريسنبدمحمثيدحنمهننسيفهجامنب,يفمهولصف,هومهبصتخمريغاذهوكسمل,هلضرعتيملوهببلاطيملفذقل,عفيناكوملسل,نيعبلق,هناكهبملعيلواملكل,اهتمسقنيملسمللحلصل,هلقفاومنذء,نارقلابىنغتييبنل,اباايلعفناولاقف,طرشنمملعامبءا,يفهدق,رظننماهتباصانيعاهبلوقينجل,ملكتلاوعفدل,ىدحاوةفينحيبابهذملولاف,انيقلنء,نبجاجحانثدحليعامسء,ريركتبتباثاهقحيفطايتحل,يفهعمنموملسوهيلعهلل,نعملسمهركذ,ظفليفهلوقوهيلء,ىنداوانيسوقردقملسوهيلعهلل,انهاهةبرخ,امساظفحنمكلذيفامعمةحلصمهبىفكلهانعمبقلعتل,ةبسنلابناضمر,ةسبايواةبطرواةدرابواةراحامء,سراوضرل,وسردعبدحلاذهسيلهبس,ملعاهللاونيبل,ازجرادةنجل,ضريملوةيدل,ااهتدمتضق,هنعىوردقوةمايقل,ابجاونكيملءاروشاعمويموصنء,نيلوقىلعفةجوزلابثدح,هذهنيبضقانتلوث,زعاانلعجوفورعمل,ىلعبصومدل,راشاواهمامتباهلمهقايسلنيلول,نمعنصامعماهكاسمء,احبريخيلوغلبيىتحمساقل,نبديزنعهركذمسل,ضعبوهفينحيباكتوملابهسجنيملنمفاهمظعامء,نمديقوللسجنل,رصناونيتعكر,ضباقضباقل,يضرةشياعنعهيبانعةورع,ةهجميد,انربخالاقديمحنبةديبعانثدحلبنحنبدمحاانثدحولبنحلاق,يفضرعتلفاهيلعدازام,دبعنبفرطمناكديمحنبديزيحايتل,يلياممرصعنتاهنل,هومغييذل,ادجعفنوضعل,اهفرصينازاجهنع,هللاقيهلداوجىلعفلخنبيباملسوهيلعهلل,تانبحاكنفلسل,اباوكماىلفسل,امكوهدوجوناكهتمحربفةضحمل,رشابيملمهنمدحاولكنامولعمل,ةبسنلابهثبخوذخل,انوعدتهيلاودمحم,عفهنااومهوتف,اهلقنمثجوزل,نهشوشحيفءاسنل,يفاماوةلفانل,هنعىورفهلوقفلتخ,هذهبمهدشراف,دبعنفد,ضهنمثةدقردقر,رماههجووصفحوبالاق,ةاشةيامونيرشعواريعبرشعينث,هركناكلامونيثدحمل,هبرشبدهعيثيدحاوناكذء,نيتريبكتلكنيبتكسيحاتتفل,يفمكلوقامء,فاكتعلاومايصلاومارحل,هبشييذلافملسوهيلعهلل,هبىتء,نملزنتيهفةيولعل,ناشناكاملفامهنيبميرحتل,نامثعنمز,يتايسوهباونهداوتيزل,توبثىلء,نبديزانثدحةبيشيبانب,ىلعناينبم,دقفةمهاذتنكنء,قطنيهيدهيفدهاش,ناسللاوةجحلابنيقفانملاونانسلاوفيسلابرافكل,يلعوبالاقلاقمهيفث,ءاجمثءاطعلاقاميف,ةلاخومل,يصنتيفهلل,هلوقبجعل,لاطيناوهواضيء,نممهنماهوهركنيذل,ربيخةازغيفمدقتدقوصراخل,هوهميرح,هتافصوىنسحل,جوملفةحيحصراثء,لامبهذموهولاحبةهاركتقوسيلهنااهدحالاوقء,قاسونرقملسوهيلعهلل,عاطتستلهللاوفاهمدهىلعدهتجيلوبرقيلف,نالبقسمشل,رهشايفتناكاهلكهرمعنادوصقمل,اوعجرفملسوهيلعهلل,هيلعاهمرحنيتلصخىتادقفقلطلابرماييذلاوةدح,هسفنمساومل,مويجرخيملسوهيلع,لذىلعمهدحيلبىنزلاوطاولل,وسروارمعهوباواهسفنهلل,يطوطاشنل,هعيببهطاقسء,ىسوملوق,ىلبلوقيف,رابتهبرههزنوهوعمسيملواذكلوقيهانعمساولوقينانع,عياطلاوعيطمل,نعةمركعوريبجنبديعسينثدحلاقتباث,يونتهلل,يخايط,عرسادقفىحضل,ديهيلعوهريغواناكانصحمصاصقل,ةقفننء,وزنببسنافاضيء,حجارلاواهذخامواههوجوركذنواهركذننحنوسانللابهذم,وسرىلعةعوضومةخسنهذهوىحضللهدرفء,رويدق,طةبسننانيبنوتاريخل,سايقلقفاومةرمعل,نماهاوسامروغن,ىتاهنانظف,هدجنعهيبانعميكحنبزهبث,رهظااذهومهعمكلهيناهسفنىلعهفوخن,هتيتااذافاهيفهيتء,ىلصهلوصولصف,متاحيباحيحص,امعاتضقاملاعيمجامهنمتللح,سرامثمهتايملامهاتادقهنانوكرشمل,ارونملء,ثيدحيفيذل,عولطلبقةفلدزمنمعفددق,ديعسيباةارم,هيفيفرهظ,نحيملهلاباوجملكل,عجورخلابنيقيرفل,دمرلاورصبل,نيكاسملللء,ىلعريرحل,نااهصاوخنم,ابسنكل,يفديزيىلكللديجوهوء,هيلعاهقاطننويعل,هعموهلهلل,يفاقادصاهلعج,نباوهباحصانمفرطمهفلاخوةدحاوةرمع,سنان,هدصقوملس,هوجويفىثحينارماكلذلفبذكلابنوكيامرثكاف,هذهبنجيفتشلتةيلبومهلان,نمزعيلوتيلاونملذيلودعبيقهيبل,اهشنبدمحممعز,نافهعورفوريخل,يفةهوركمرهمل,بهدهعىلعةباحصل,نكلورخء,اورهقوزعل,وسرلةيرسهتيقلفلفاقلبقافشيرقلعياضبهعم,هبقحادوجول,هيفوتيبل,اذهفهوحن,ايعيبرل,اذهومارحء,صحيعضبل,دبعمهرثايفتثعبكلذبشيرقتملع,يناهماتنذاتس,ملسملظفليف,نمدجاتلز,قحلاومهول,وقياملقعيلنمولقعل,عاونارياسهلاخدء,ةليلنارينل,يفلقعيلامكلقاعغلابريبكلجريفناوبل,ةدعوء,هيلعاوصقفلبقمل,اذهسيقنبىسوموى,مهيلعرمتسمل,اذهلتاقناولاق,مهنصحنماندفةظيرقينبىلء,مهربخاوةلصلاوربصل,ىسنيلفركذيوىصعيلفعاطيناهتاقتقحناامكوهتاق,طقسيلبابصتنمهعمناسنل,هاورونهشوشحيفءاسنل,هنعلقننكل,اهبلحيلجرماقفةاشبلحىلء,وةريخل,هوركمهعوق,هنكرنمنكل,نبدمحمنعهننسيفدوادوباركذ,يضرةملسماناملسملظفليف,ريمانااهنم,هترارحتثعب,ينيقسيوينمعطييبردنعلظاينء,لذبهملساب,جاتحيامناوليلدىلء,عطقيملقحهيفهلء,وههبءيجيامبوملسوهيلعهلل,ينتهبنالههلل,اوكابتفاوكبتمل,وسرايتلقلاقهريغاهلء,ينعهفرصافهلجاويرمالجاع,هفناوهتهبجمث,نمرجاتسمل,ثيدحلابنواهتهناكهلتلقصربل,رايخنلادحاولوقعيبل,هنافطرشل,امهتبارقنمجاوزاتاوذنكناوامهتناضحبقحاامهتاهمء,نوملعيبرعموقاذهبنوبطاخمل,دنسميفوةعيهلنب,ةعجرلاوقلطلاوحاكنل,طابرخل,دبعنبىسوموهاذهنلفنب,حاوهامتاوفينعانارمل,ميرحتاهيفررقوةيلهاجلاوكرشل,ةنسلاوباتكلابتبجوةقفنهذههلل,موصنوةاكزل,يقوقلطل,هدنعيفكيفكلاملصاىلعامادمحاويعفاشل,ناهحضويهلةداهشل,ورعملابنهتوس,نمعنميوءاشينميطعيناهللوسرل,ىلعدريمللبمكحل,نمتعجرنيحاهبلطيفجرخيتل,اقفنامثعاوتافقلطل,رتيلفبلقل,انثدحناطقل,يشبناهدل,ركذننحنوانخيشاهراتخ,بقهلناكيذل,دبعثيدحويردخل,يفهثودحرثكاناكناوةنسل,هرعشاتدكىتحيفيستعفروهنمديراام,هبهذملصايفيفرعل,هبلسقاقحتس,موتكممانبورمعوملسوهيلعهلل,يفناكاذهنكلكلذىلعهرارقاوملسوهيلعهلل,هوريملاذهلوانايحء,حاناكورخومل,هودوجول,تافاصلا112,وسرةلغباواراذاف,دبعنعدوادوباودمحامامل,امهتلمحف,هملكىندامولل,نبدلاخيزارل,ينبةرح,نيبةقرفل,ةمدخلابيلعىلعمكحوتيبل,يفلعافللنوكتملل,هلردقامىلصفدجسمل,وقنوكيناهيفاملقااذ,ناكنافلياقلاقناف,دعبعورشمل,نمابيرقتيزل,ناكولفء,دعبمهلليق,اودهاجثيدحل,ثيدحنمظافلايفاكيرشظافحل,مزتليملاذء,امبناميل,ةعامجويروثلاويعازولاويارل,قتناوناصحلابركبل,اهلهانيبةموسقمةمينغ,ةنياكةمسننماماثلثاهلاق,اهبذخوينابجاول,عجهيفعرشياذهلكوقتعل,يهنمعرخاتيوهنمدعبايهةارم,هشيروهلصنرخلاوهحدقامهدحء,عفبلوميانل,سايقنعةجراخمهدنع,فةيلقععطاوقةفسلفلاونيملكتمل,نميلمتل,نعلصحيعادصنماثل,صاصقلاودحل,يناعمعيمجلةنمضتمل,يياجرتنء,نعةداتقيبانعليلخل,اقامكدقعل,اموهيفء,مهلثملء,ماقمموقيامكانهناكنء,احلصتحتفاهنء,اهقتعاوااهلوماهنع,اهلكدلولاوقيقرلاوةجوزل,بقةرمتارمث,هتاقوادمحء,عمجحلاباومرحااملةباحصل,هماقايذل,قلطاهناحبسهلل,اردبهدوهشوهوهلتقنماعنام,هبىونناوراهظهنء,ناكلهلكاب,واهعا,هذهذخامف,اهيوقيوسفنل,تقويفامهنيب,ذخللز,هبطاخفلجوزعهلل,لتتاوفنم,اهذاعاولفءاوسلحل,يفتبطاهلبقنم,اهوبخاتنكولاقكلذكةبرضهبلجرموقل,مضهتلفاهتاذيفةدعمل,هيفدرودق,نيبوقلطل,نلتقيلبرحل,تامىتحهذوتملوحقتملفسينانبهلل,ململل,ناكفامويوامويراتخافاولداهيلع,فاوطركذبتلخادقتناكل,عجشفهليضمنفهرمابانرماينااماولاجرلاب,اامنصتناكعونيانموتناكهجوياىلعكرشللةذختم,ناككلذلولوقل,هبىضقامكىنكسلوهيلعاهلةقفنلاهناسماخل,مهباذعملانمرففمهتعباتمومهتقفاومىلء,رظنايناكنلفينبلادبعث,هزاهجركبوبء,قزملاقفملسوهيلع,موزلمكريدق,جرخمثهيلع,اقفاعيرصهيدينيبةحلطاذافملسوهيلعهلل,هملكىنعماذهةحيحصريغبلاغل,يقلامهللف,نيباماهنانماثل,موقولاقمثرهطل,يفتادوجومل,دحايزيرغل,اراهنوليلهلل,ابعابتماقودليوختنبةجيدخ,اذهنعباوجىلء,برىلاوبصنافتغرفاذاف,هيعاودنود,ههجوبوميظعل,اذهاهنم,اودعهيلعاونيع,ةمقكلمناوةقيقشل,هيفهماعزانيملسنابراقء,ىعديلاىضقوهنمهبس,ديزيينب,دقوساطعلابء,اذهىورادحاملعاليياسنل,دبعلاقفهتخاةنب,هيفلاتقمارحل,ابمويل,اهتدعوناتنثةمل,دعبتناكناواهيفةجحلفحلصل,نكلحبذقيرشتل,اسفنلاوضياحل,صفيفهلعفعفنيوهوتلق,ةحلطنبنامثع,هبيريوملسوهيلعهلل,ةيطغتلصف,دقهنعيورنمن,ىوقتااميدنعلعجتملمثهيفتبغروداهجلاب,ردببقع,يفنيسحل,يفهيايلواةيدوبعجارختس,يذويناكمكلذناثيدحلنيسناتسملواورشتناف,اضياواولاقداسفلاوةحصل,دنعزجيملةرمعل,تلاقاهنع,قبيملويسارتعفراذء,هبءاجامباوصل,املابناطلخيءزجخينرزوناءزجسلكاهلصاودواد,سبلهنء,نمنكتلفكبرنم,نمةفياطهلاقامكهعمرمتعيمل,يدحهنعتبث,ةلصتيلصاملفانملكنعملسوهيلعهلل,طابروةوقلاوةدعل,يففكلذيفةياورل,ههركتاملوانتنمعفنء,نعليىتحسبحنعليمل,نمناكاملفاهدرهناوينرهطفتينزدقينء,مرحاملعفنمكلذكسيل,ةشياعنمهعامسيف,نععيكونعةبيشيبانب,ناكوةرشعاهعديواموياهيلصيناكسابعنب,حاصركذدق,رثكااهكرتةنسل,ناتتيمانلتلحاافوقومواعوفرمرمعنب,يفششعولامهبشافلصل,نمهدعقمىريوهمد,يبانعينايتخسل,ىلصيبنلابقحلمثهحلسذخء,ىلصهناحيحصل,اوضقندقمهناهنوربخيانحل,يفاوطلغنيذل,هفرعنلاذهرينمينيدمل,اضياهمجعميفيناربطل,هعفناويلكل,وسرايلاقفهلجريفنرقبرخء,وصاوهقفل,نممهفصنلجرنيعستاوناكوكلامنبسناراديفراصنل,عمهرجبوهرجعىلعدودكمل,اميفراعتوفقوتيتل,نافعنمللابجومنوكيلررغكلذ,ةماعةيلكةيضقىضقاهمس,امهيوبانيبكلذدعبناريخيفعفييىتحملغلاب,وقيرمعنباف,لتلاقمث,هسارينيعبهارهناهباحصاضعبفرصتنمةثلاثل,نيتعكروثلثبرتويونامثاهنمةعكرةرشعث,امصتخافكنمينبابقحاانالاقوىكب,ةيبسملابعاتمتسل,حصاةقيرطل,عضويلوهرازء,ضيحتىتحلياحلولماحىلعلجرنعقيلهيزاغم,مللسلاوحيطولاوةبيتكل,هركذاماهنمرخادهاوشهدضعدقفاضياوهبلمع,تاغليفلوقعمل,هتينبلء,ىلعاولمع,هلبقامم,يفةحياجل,همامتابرمل,اهعماسلوقيوةييطبوةعيرسةقداصةمزلتمماكحابربعمل,هفلغشنموهوء,ماعطباعدفرفسل,اهليبسةيلختناملعفةدعلوليمجل,وسردهعىلعتتام,نارقلاوجحل,يقوهقاذميفاييرمهتبقاعيفاء,لطافاذهيباتككاتااذافاهعيبيلواهيرتشيلوملسم,ملاهنء,قبااذء,وسرلخدمث,نمكفةيرس,ةهجناحجرىلعلدياذهوةفينحيبء,اذهبمرحمل,تقكهبذخاوموهفهاركلاب,ريخلابهدابعلهلل,نلقفملسوهيلعهلل,تلاسلاقمعايينصوارذيبللوقيرمعنبهلل,نممكدنعلهلاقفازبخهلاومدقفامويهلهاىلعلخد,ءاشينالانوءاشتام,ينازجالاقيهنعىضقاذء,دقىلاعتهللاوهتبحمبهبلقنمةبعشتقلعتهلهبه,نمةملسل,كروحبصل,اممكلهاموةردغمونميلابديكناكاذء,هادهاامهباحصاوهلل,نيتينثبىنثيهيلعمانيحسمهلناكوفيلهوشحامداهشارف,هنابهليلعتعمشحول,يفهناودرل,لتديباترشاعل,يفناكنارقل,ىلعللبناذء,همحريعفاشلاواولاق,اهركمناكاذء,نمامهدحانيافثلثدعبةيحضتل,نمةدحاولكلملظاذهوهتيلومعضبل,يفىليليبانب,نمانياسنتاهمانهامنء,جتحينممسيلوليهكنبةملسنبىيحيةياورنمهناامهادحء,دمحاماملاوهباحصء,نمىضماملولهلوقامء,ةبوتبملسوهيلع,نمهددصبيهامعهحلصء,هاتافصنمهيلعاشنيامليبصل,هنااهنعةورعودهاجمةياورضقانيامجحلابلهاهناةشياع,يهىلولاوتابصعل,اوردغفةنيدمل,ملواهجارباتفلامامحل,ارطدقاديازارمااذهنوكيوةرمعهلعجوللحلابرمل,دحيهدحودحاول,نيبامهلوق,ديحوتوةيبوبرل,ةليمجيهواهديرسكفهتارم,نماهقحطاقسء,مهيلعو,نعهدانسابهلثيدحل,اييشلمحيناهلوءاوسهركذمدع,يفتيغاوطلاودهاشمل,فاعضااهدجواهلماتواهبلطنء,اذهضقتنيلوريزنخل,زاجاامكنيلجرل,جلجتيوهفهسفنهتبجعاوهيفطعيفرظناملاهبحاصبهناحبس,اهترهشواهظفحواهيلعةمجرتلاوكانهاهركذناكلةعمجل,هتتافدقريعل,نكيملهنابملعل,حاهيفراغصدوارمهفلخيوطقسيضايبل,حلصيلةرياسل,اولاقفاهبمليناديريهلعللاقفطاطسفبابىلع,ديبعنعيفقثل,جومفلخوهتمكحفلخهبنظدقفهيلء,نمنهديورهطنمعاطتس,امالاقفاذ,نيعةلباقمدنعررضل,اذهومودعمل,هدجنعهيبانعفرصمنبةحلطثيدحيف,يهواهجوزاهنعيفوتةيملسل,رافكموقناميالبق,تبثانمةجح,نمزىضماذافهتجهمء,امهنيبقرفواهودلجاف,نومعطتاملضفانمورمتلاوزبخلاونمسل,هلنماهمصاخينء,متعجرومكلوق,تاتاذهبونيثيدحل,معنيونيلفاسل,دبعانثدحوللخل,اقوزيهجتلاودجلابمهرمافةكمىلء,مدقاملفدهيملنممهنمويدهل,نملستغتىتحاهتعجرب,يفكلذن,نامضنيبوهنيبعمجيلف,يحنددتعينكمهءاسنناطقتايملفهتايح,ىلعاعفدىلعةعيرشل,يفحمرل,ىورةيراجلاوملغللنوريخمل,هيلعملسافملسوهيلعهلل,نمهيفمهلامعممحشل,رظتنيلمزاحل,نودغياون,بقكلذلعلفةعيرفل,خيملاذء,هيبانعبيعشنبورمعثيدحنمهننسيفهجامنب,وسرنعحصيلثيدحيفيور,وليلداهتحصلاهيعدمعمسيلةلطابىوعدهذهليق,يفامكربكل,امناومكنعيضردقرصيقنء,وكردنعركذل,نيملاظلوملاظبنيبلقنمريغمهيلع,معنتلاقةقيدحل,اهلكاهبلء,املابهلسغاوهلخدم,حيراهنمتدجوةمضينمضفيلعلبقاوهقتاعلبحىلع,ةنتفلاوهيلعمتنايذل,اهيلعنوحطمل,انهوةمرحمل,ريمااياولاقف,وقيهنافةنلفنبنلفايلوقيمثادعاقيوتسيهنافةنلف,اهلمحعضولبقلماحل,دعبوهسل,جوملهنمرافلاوناكمل,نممزليلوةتبل,ىتحاعيمجاوفرص,ىسيعنعدحاوريغوىيحينبدمحمنعقازرل,يحنعظافمهنعبيجء,بةدعاهيلع,زاوجيفسانل,ةلصهيلعلصيملتامث,مدعوهبضغانمعهضارعاوبضغل,يلركذامملسوهيلعهلل,وةنس,نوكينازوجيوهف,هوتغبدناواهعيبنمعنمل,دحتملهريغةثلثعماهيلعدهشولهنء,ةقيرطهذهفتييبتل,اقكلذكامهدحاوانيدودحمريغ,رهشيففلتخ,هلجاباتكل,هنافهرماوهعرشةمرحكتهنمضتميرحتلاف,وسراياولاقفبارعل,ىلاىحواف,تمدقاهنمدعباتناكاذء,لتبهتنب,وسراياولاقاههاوفاىلعث,اذهرمايفترظ,اغشاوةضايرلاوةكرحلاوزربتل,مويدهاشلاوةمايقل,وريفكتل,مسقيقبمتلقناف,اذهاوفعضثيدحل,ىتحهساروهندبيفكسمهيفبيطوةريرذباهديبةشياعهتبيط,هناكلذنايبوىلاعتهدوج,ناحبسيسمينيحوحبصينيحلاقنم,همزليفاهبةيونعمل,تقوجراخلاف,تانصحتلاوذيواعتلاوركذل,ملةرجل,داعمثةلذامهوردببمهرص,هاكحاموهيمحينم,همزلتلهاذهىلعف,مهنملجرناهلاوركذفملسوهيلعهلل,يفقدنخل,مسنعاهوامبضنوايبظاهيفلصحوارياطهضرء,نمرماهنافهيدهنملكاهناملسوهيلعهلل,ايكزاملغكلبهلكبر,اهباوكلمتواوحلف,ىحضكلذويناهماايترجانمانرجادقملسوهيلعهلل,هيوريسمشلاكهدانسء,ذقنمعفنيناهعفانم,نمرشعةعبس,ءاشياملعفيناىلعهلبجيهنكلوىنعمل,نيذهنملضفاجح,.ناكهنااضياهنعركذ,ىلعدنساامبرولمحمل,اجاوزانورذيومكنمنوفوتي234,نمامهيفظفليف,ملعاهللاوةقاتعلاوةقدصلاورافغتسلاوء,هتجوزةعمزتنبةدوسوهيتنب,يفهصخامل,ملعاهللاواذهسناثيدحنمحصامهثيداحاوهلل,ابيفركذدقيراخبل,مهرغصاهنلمهلاحرىلعصاعل,رياسةلزنمبريص,نملجرهيلعبث,ةازغيفةلاسمل,ماةملسماىلء,باذهىلعلديملنارقلاوهريغللحتلجل,يهوةقيرف,مهناشبامام,هيتاتكناكتربخافء,نمهركذمدقتنمهنعربخاونرقهنابهسفننعربخء,امبعافتنل,ناطيشرشنميفتكيناملسوهيلعهلل,هذهبقلخل,عبفنيلجرىلعدعس,اوققحتوةروسل,نيبقرفومارحرهشيفلاتقادتب,هعيببقتعل,يلوةعاطغوس,ديوراثلاوث,ةجحلابرافكل,قشممل,ىلعمهلدهشيفبرايىضرل,خسنوحيسمل,ريعبةيامىلعراصنل,ةثلاثةفياطتبهذوسمختاولصل,مكدحاتباصااذء,تونقخسنىلعةجحب,ةنسقلطناعونقلطلاوضياحيهوهتارم,وانتيىتحهمومعىلع,داقتعلاولاحمل,دبعقيرطنمىرخل,نوبحتمتنك31,وباتكاذهعنميلوبارتلابرهطل,ديبعلاهلامعتس,يفامكاضيارياظناهلرشعلاورياظناهلنافةيامل,اهذاعادقوناسلل,اهيلعقفنيلهنء,هقحليدكنىلعلجرلليلحل,قلطهعفرياهنعهلل,نهدعمعفانهمحش,اقهرمعبلهانميفتنكاهنعهلوق,مهحاتجاومهودع,ةمقلعلاقهتنطفوهقذحل,رطضمةريرهيباث,نعركذمثهحرجيكلامناكهتلادعيففلتخمحلاصوهنمحصء,هيلاومكحل,وسرايلجرلاقفاهورسكاواهوقيرهء,نعهغلبهنادعسنبثيلل,يضركلامنبسناثيدحنميعفاشل,دروظياغمل,عضوموىذل,سيلانلقنيتنث,هذهلهاناكوملسوهيلعهلل,روتىحضل,هبانلقلاتباثناكول,رذاعريغناكناوةمهلكباهيلء,داومللاغارفتساوهتيدوبعةحصلاظفحوء,عمدجونميفلاقهنافيلعمل,نمةياملبل,ناهربخاوهركذوهظعووهيلعنهلتفمهجاوزانومر,اهلبلاجل,ثيدحبهملعوةورعلضفل,وسرلاقمثاثلثوانيترم,عمانجرخةشياعنعةورعنعدوسل,ىلصهلوقلجحلاب,اوناكفهيلعقشيكلذناةباحصل,ثراووء,ةفياطتلاقونيملسمل,هوبهذمل,حصولواضياوةيلابجتح,كوهوامودعمناكناواييش,مرحاينء,عضبلعجوعضبل,هذهيفهدابعىلعاهبمعنايتل,دودممبسيلامدموزومهمبسيلامزمهنمضتيبيرطتل,نمةفلكلبهدنعنماهيقسهلل,وسرءاجذء,اذهلهوناشاهلويلناكلناميل,انعزانتدقف,هتفلكوهبعتوهليصحتةقشمتناكاميفرشعل,هدعبةثلثل,ديعسيبانعيراخبل,اقامكهبهيونتوىنكمللميركتعونيهفةينكل,نافلخلاهلخىلتخيلوملسوهيلعهلل,رهمث,اهترمعضفرتنااهرماتضاحاملاهنايناثل,بقدسفيمل,ةيدوبعنمهصيل,اذهبناكاذافرهشهضرع,نملهلعجاممهيلعقيضاهدنعاوفقيملوهدودح,يحويفاهيلعقلخيتل,لانهنافهيادعابهلل,امةياغودحاوليلدعس,اذهفرمعوركبوبالاقنولوقتوملسهلاوهيلعهلل,ناوهوفرعيلوء,اهاباتلتقكناتركذةارمل,ينبيفهمكحبيقعيفوتهناملعل,ريصتلفةداع,انمدقلاقسيقنبثعشل,اهبمكيلء,ةرشعقذعلكناكمهطياحنمنهناكمنمياماىطعء,ةيضرفنمز,هبلصتانبكدليابهيلء,نمنمايوربقل,اهريخوهيلع,نمابيرقوعديهيدياعفارةلبقل,وقيلبنحنبدمحاتعمسدوادوبء,دبعركب,يفماقاذء,دقودوسل,ادجدكومرماوهواهموييفلاستغلابرمل,ناوتلق,يناهماناماملسوهيلعهلل,نظهب,هامولاق,عكراىتحينوعدلاقهبلصىلعاوعمجااملفميعنتل,هلجفسدقمل,نماذختمتنكوللاقهناحصلببحل,دبعرمافلبل,حيفيظنبيطل,ىتحترطمافةباحسهناحبسهلل,ثفننمعفنيوحورقل,اجاتحمن,مامتدعبلء,هانمدانعل,ناكوليقطشمل,ساريضقناهلوقيفناكامنء,مثهبفاطفتيبلاب,مثهدعبامرشوهيفامرشنمكبذوعاوهتيادهوهتكرب,هحمريفءاولل,يهلباهتمذيفتبثيىتحاهنمهضرتق,اذهيفثلثل,دلوتهتهبشوراحلاقنمطلغوحصل,هنعيراخبل,نمريثكلوقاماوهلل,يفانغلباميفملسوهيلعهلل,ناكولوهريغيفةيفتنملتقل,اهسافندعب,اذهليوطتهبمهنع,نمضرموهوعاجولاوماقسل,ةيلختهيلعوهيلء,ناعماذهةعيرذل,نوكتلوهلاميف,توبثوةيجوزل,ةدحاوهبعقتقيلطتوهةباحصل,ىلعمزحنب,هباوملعيملوكلذباوضرونوقابل,ناكناوارضماعوقوعقيملعقوناوهعوقونمعن,وسرناسناثيدحنمدوادوباىورف,يلداذهيفناكوء,يرجيةفيفعةرحفذقهنابوىنعماذهلنكيملهفذقبدحل,اوغلادرجماظفلناكولوللحل,ردصيفانيبامكنارقل,يدحولاقرباجثيدحيفهحاضياوهيلعهدرف,ادحاملعالوركبيبايتنب,دبعلاورحلل,عفوهفاميادلصفمل,اخلوقيقاحسء,نيبيرتشمل,دعسنبدوعسمعمةيدههيلء,ةجاحدتشتيتل,يدحاماواولاقهنعث,تماواهعماجم,ملعتولتاهيهاولاق,متحيلقاطنل,ابضاغمجرختلاق,عوقويناثل,هللحتلةثلاثل,عبهنافيبنل,يفوضقانتتلواضعب,اذهنافررغومودعمعيبوهومكدنعةدسفمةلمجاهعيب,دبكلاوةدعمل,مكدحادافااذء,قيرطىلعظفلل,وصااهانركذيتل,هيلعارقيناكواطومل,يزيابرض,سراناهيلء,ينلقياشارفتناكاهتمراذء,رمالوهباحصانمادحاهملعلوهلعفيململسوهيلعهلل,نبةدربيبانعهحيحصيفملسمهاورامبجتحافةلصل,ةلاطاونييرخل,يلهاىلعتملعامهللاويلهء,هييقيفدياعلاكهتبهيفدياعل,ةرافكنيميل,اشنانهاهنمففرظلابهديقورمحل,نعونزوواليكبلء,ةجحتناكل,ىضقفتلاقبصحملابانهاهينايتء,سبايوابطروهلههيففلتخ,سمنانايبهيففرانل,ىلعتمدقلاقبابذيبانبدعسنع,ةماواتناكةرحهريغاجوزحكنتىتحهللحتلاهنااهدحء,ناسليفانودجوانكل,نلوقلطبهتيمستيف,معامهبحتتفيناكديحوتلاوصلخل,هولتقافدهعل,تلصف39,هدصقتيااهجياوحيفهيلء,ىرسىتحقشمديفميظعل,نععفاننعوهيراخبل,نعحصدقهنايناثل,عزجااماولاقفروثل,عضومىلعملسوهيلعهلل,نوكيناىلعكلذفقوتيلوهيفنيملسملل,املفداهجل,تقولوخدبامكحارطفمهلعجفاولاق,يفنيعدمل,نوكيفهتجح,انملكنعنيملسمل,جوزللارظنوةعجرل,هروفنمملعمثحبذل,اوصحاونهتدعل,هبعقيملءافنء,نميريغواناتبرجدق,عمناكوليعافل,مثةبطخل,اهلرايخلفاهفلخبنابفةفصهيفتطرشاذء,ةعدبرجفل,نولوقياوناكمهناباهشنباوراسينبناميلسونمحرل,يوردقواهرخاءاشناوثنحل,اقفعضاومةثلثيففلحلاب,ناملعن,اماونارقلاب,رباجثيدحيفاحيرصءاجامكخسفل,يفورخلابامهنمل,ناكورودواعابرنمليقعانلكرتلهولاقف,هلوانعمهدر,اهلكااذافةلكاةليللاومويل,امنيبناوء,ىلصهناملسمحيحصيفتبث,دبعنبدمحموهف,ميفهتيصعملهء,هتفرعمىلء,ينغتسااذء,دلوامودلاونم,ديبعنعامهريغوينغمل,قاسلابذخانملقلطل,هوةوجفدجواذافء,ناكظفليف,اهترازجيفرازجل,نماردصوركبيباوهلل,اقدقوهتارم,تحتدقويوشوفنمديدجفوص,عملعج,ورحلابةقلعتمتايفيكل,مويلكنورحنيمكلاقف,رطضميفهتياوريفاضياصنوبلاطيباةياوريفهتياكح,امهنمفلخلاوفلسل,رابتهمس,هنيململسوهيلعهلل,اعدلاباعدكلذهعجرميفوانوزحم,تضماذافبجاول,هدرنمفمرحهتمكحوهدمحب,اغولامينبنيعازنل,مايفملكل,يفاضوتةورعنعدوسل,عابسلظتهنم,انهاهلطابل,ىورويواحطل,هتحتمهوبابل,يضرةشياعماتن,ىلعمهنيبهمسقينكيملنكلواهنع,يفحصيل,نوكتناامء,سعتمكدحانلوقيل,ديبهلل,عسلويعافل,نمهدعبنممزليفلاحل,وقاذهوكاذذء,نافعفادل,ةيزجوهجارخلاواميسلجارخل,ناىلعلدياذهوجحل,ءاجفهزاوج,هذهضعبيفدمحاوكلامبهذمهلكاذ,هيلعضرعفعاضعوردل,هيذورمل,ةمياقهتمادتس,نمدوجاوفخانميلاومظعلابهذياعمحلل,عيبميرحتاهدحء,مقفهلل,جوتىلاعتهللابنيمياهنلواولاق,همافرشىلعلدولاخلخل,هلعجومياهبلاودابعل,اوعدافكلذمتياراذافهتايحللودحاتوملنافسخ,انخيشرايتخ,دوجوةيرل,اثلثبرشل,وسرغلب,نيعةلباقميفلوذبمنمثلافهليذل,دحانمفرحبل,بنوروذعممهنامهتياغف,مدهتاهنافةداعل,يفاهلوخدفةرامالوةنيرقب,ةمواقمىلعردقيملهتوقتفعض,ىلصهنلءيشمهفل,نكيملهدرتملناواقلطناكقلطل,اقفملاوبلابتخلاوخل,ىفوتسيليمدل,ناوريعبل,اماجحناكوهيلء,نعرخاتمكلذوناضمرضرفدعبهلاقامنء,يضميىتحضقنتملهلوايفهتارفرهشل,ةقرفناعللابعقيللاقنم,لذلثمهنعهلل,رمبنارينل,كناذافنوقحتسيونوعدمل,حاامةبحممزلتست,مهنلةبوتل,حيحصيفهلصء,رهاظىلعرايخل,ىلعدادحلافدادحل,عمبلقل,دعسنبلهسثيدحنماضيانيحيحصل,ميرحتةتيمل,جرخهناف,كاتلوةلعنملء,اوقاىلعمدقنملكوةضحادل,هناوةريصبلبناميل,ينمهيرقافهتيارنء,انثدحيدروابل,اهنعةورعىورواهنعدهاجمىوراذكهةفرعبليقفهيففلتخ,شيرقلاريعنوضرتعيابكارنيرشع,ةيمرهيلء,امناونيثلثواثلثةلصلكربدنوربكيونودمحيونوحبس,وقيناكهناهنعننسل,نمكيفامهلل,متنكمتنمء,صبهيفناكملسوهيلعهلل,يدهنمرهاظل,نازيمةعمجل,اذهدنتسموعادول,امناوهيباةارم,هنعحصامكةتبل,نافاضياونيرشعواعسترهشل,اهبانقومحبصينيحاهلاقنمتنالء,حيرصلاكواحيرصاهكوشطبخيلورخل,نمانونداملفيلععمبقعنميفتنكفءاربل,هامهوةصاخل,اطوةوعدل,امكقانعاتبرضللتقتللسرل,امنمهقيلختزاجاذء,يوةيناثل,هلعفيملفاهرخء,لذنمرثكاوةنسل,مهلنايناثل,يضريلعمدقاملفريبكواريغصىثناواركذكولمموء,امحانملامحاةسمخ,هلوقوهلعف,هلحماولح,ةدحىلعلعفلكلمع,متذذشوروهمجل,حرجويلصيمياق,يفسبحلابلاقنمبهذم,كناكولفمهدعبمهجاوزادتع,اذافبلل,يفوهريغلهحبيملامء,ارونيرصبيفلعج,تلقفهلل,يحمحرل,مارحهنااوملعاملمهلةبوقعثلثلاب,يفلصلاوةغل,هدانساوهننسيفدوادوباهاورث,ىلصيبنللكلذركذف,ىلعةيقابتناكولويطشتماوكساريضق,اجرلاوفوخلاولكوتل,ناردقيملنافددعلاوددعلابلء,درفناودوعسمنبهلل,اهتياغومكتنتفةياهناوقوذهتقيقح,جريفهدانسابقاحسء,يفامنايبزاوج,ضعببهيفىفتكيدقفنيقفانملاورافكل,مانمىلوابل,ةشياعلتلاقاهنعهلل,ينعيامتلقلاق,هبحاصحرجاربيىتحهنمداقتسيلنء,امرغلاوةثرول,اقفىلبلاقف,دنعةيمستل,نممزليلنلصاامهنافةموملاوةوبل,هناوهوء,ةيدهببهارل,اذهمزل,جلحصيلهنعيهنمل,ذخلهتبحمف,دبعاباتيارينوميمل,يفهتونقفاومدقدق,مجنوءلبل,زحكيلع,حصاهنعيذمرتل,هنععفاننعداوريبانب,ممثامهلةجاحبلطيفاجرخنلفونلفمهلبلاقف,مهكلمىلء,مكهلانلقمثةعدبلاقفمهتلصنعهانلاسفلاق,همارحلملس,هةءاربل,ايقلتسمهماماكرشمل,امودرول,اذهعفدىلء,رصنياذهوةنسلاق,اعبرتميلصيملسوهيلع,اذهنوكيفيكمثهتياورفلخملسوهلاوهيلعهلل,اقفءامحسنبكيرشبملسوهيلعهلل,هاكحاميفهيوهارنبقاحسء,لذيفهدنعاونوكيناومهنماهتابجومىتانمىلعدودحل,يفهاريذل,هةيل,نشيناهرماوةلابتةيحانبمعثخ,وسرويداول,نعاودصنيذلاواولاقةيضقل,دقلاوركذامهرمانماوركذيذل,ابياننوكيمامء,وهااولوقيل,روسلكاوضايحل,ناونهيلع,زنيتل,نعهنعنيحيحصل,ثيدحنمهحيحص,يقهسفنوهلامبنيكرشمل,متمدقدقفليقنافن,هدوضنملاوزومل,ةديربنباويبعشلاوسوواطوديزنبرباجوحيرش,مويريجهتل,ابهلحتفيفرورشل,قرحطفنتنمعنميحلامل,ةدحاوةدابعن,وهللا2,زناامنومتكينيذل,احلبحصتسمهنافهمومعوهءاقبىعد,نوكيلمنرتل,اذهيفنايبل,انناربخامثدوسل,ةيصعمنوكتونيبتتناكللاقاهعمجء,جاتحتيتل,ناكمرهشاةثلثةسيل,نممهلضفوةباحصلابفرعء,ديبىدهل,نوقتتمكلعل183,عيببعفتر,دياوفلجاوهوروهمجل,اهقلطيملوهتارم,ةحصلادتعل,ربصلابتل,لاملاقفمشخدل,هبيداتوةمللهرظنلامكوهنعهلل,لمامنء,خديملواشارفةارمل,دقعاردانمحرل,هناوهدنعهلامةيقبنافلحيناهلزاجهريغنمهارتش,هلسفنلاملكىلء,هبجتحينمبيعشنب,ىلعهبوجويفهياضق,هناحبسىمسدقواكاسمء,ندراصننمءامل,ىتحغدلتليهواهبغدلتيتل,قعتلوناترمقلطل,اقهقنعيفهديقلعواقراسعطقهناهنعيذمرتل,ناكاملوهذ,متيبانافةراجل,نينامثرمخل,رضيهنء,ارقين,وقونامل,دبعتنبةيفص,سرافملسوهيلع,ربيخدوهيامء,ىلصيبنلاواعرشهرابتع,ةراجابضرل,قرتسيملهنافورعمل,اهيفنعطملةحيحصراثء,هامكةدرفمل,نمناكنااهيلعهلل,دمثلابلحتكتاهنعىفوتمل,جرحللاقفريخاتلاوميدقتلاويمرلاوقلحل,هيلعرهظف,هيسفنيفلوقافةلصل,دوهةروسارقااناوةارم,ولطمللليصحتاهبرقء,ةعاسربصلابسفناييدعاسلق,مهرثكافلاجرل,هملعتوبتكمل,ةروسةءارقةرشعةيناثل,نبدمحمنعريكبنبسنويانثدحء,ناضمرضرفلبقكلذوهمايصبرماوهماصفمكنمىسومب,دمحموبامهنمةعامجهمرح,نيديفبرعل,ةشياعينتربخافملسوهيلعهلل,اهتاعوضومىلعةيقابظافلالاخل,نمةروهشمل,يفهمسابكربخاوهلهلهيفىجرياموايندل,هوموصل,مثتيزل,تبهذاملةلهسثيدحلافلاخمةعاجمل,دعبناكامناهريغوملسمنبديلول,عفيفهلثملوقينازجيمل,هكرتبنسحمهنافهنودبةنابل,دقعلاوهلل,امتبثيىتحشارفل,ماهلتقيناىلاعتهلل,يضررمعةياورتضراعتاذء,ةغضممثنيعبراةقلعمثاموينيعبراةفطننوكيلمحل,مهانماذ,مدلاوتلضفلاوتابوطرل,ناذهناككلذ,نمةماقل,ردبمويمنغميفملسوهيلعهلل,اولتحتناكونيركاشل,مصاعيبلركذلاقةبشنبرمعركذولاق,اهيلعهلةعجرلفةثلاثل,ةحيصيهةحياصل,فانصاكمهريغىلء,حتسماماوامارحاقشعناكنء,مهعملخدامياداورص,نيذهنافاضيء,يفلخديوهوهيلحيرم,اذهلاعفدىرخلابنيتلمجل,دهاشبتبثكلذلوفخاولهسالاومل,وهتنظملوهجول,ةمظعنمنوركذيفهيلء,تابثاوصاصتخل,امناوارهصىمسيلةعاضرل,وسرىلعهموقوهلل,اذخامهوذخنكلومهنملجرلتقمكنملجرنيفلالولابحلاب,نعتبتكنمعم,هديسديبدبعل,عساتلاوء,ىتحلبل,دبعهركذحابريبانبء,محزوجيلنملوقىلعامء,اقعفاريبانعدوادوباركذ,مكنمىمايل,هيفنيلاذهفهكلميفاهمظعمن,ةدعللاهذخامدعوةيهلل,يلعورفعجىلعركنيململسوهيلع,ةشياعتلاقوليللاباهصخفةبونل,افخوةنتفتقويفلودل,ةيولواةلع,ءيطبوهواريسيءاذغوذغيوسوميكل,عفتاملصف,لذيفنلةماجحلابواناكدصفلاب,هفعضتواهلعفلطبتفةعيبطل,مهيادعابولقيفيقليسهنامهربخامث,نماوهاذاوهبسىلعدوهيل,مذجاوهفهلل,نبرمعنامنغ,ملستملهداصحنمنكمتل,نبةديبعنيبودوعسمنباوريبزل,رقاوامحراهبسمااهتلاخف,اقفمعللهبىضقفلفطيفحيرشىلء,يفنافءاقسل,اقفءارمحطوطخاهيفةيسكامهلحاورىلعىارفرفس,نبرمعثيدحنمنيحيحصل,رحباونذاتنااماوهودتناامء,انيوتكافانيلتبافلاقيكل,كايرهزل,ىعسوهاوقهيلء,تتافلاقوينطقرادل,ياباوصل,نعنيرمل,هسولجنمضهنينيحلاقلء,لقمناحبسلاقفاهار,ىخراولعنلاوفخلاوء,ىاررمعنب,سبلمثهلسغ,ةملسمااياذاملاقف,نمامهنيبواعبتلواهسفنب,ةبتعتنبدنهلهلوق,هيبانعصفحنبرمعنعدهفنعيواحطل,ىلعبايثل,اذهيفءاوس,طخلماتنم,يتعكريفملسيلن,اذهخسنيامكلذدعبيجيملومامل,ىلعلمعتسافعارداةثلثوفايساةثلثهتنازخيف,ملسوهيلعهللا465,تلزنلدهشاةصخرل,ملعاهللاورتسلاوربصل,ضفعيبنعىهنيملسوهيلعهلل,وينوعيطتناوهلكيرشلهدحوهلل,اعطققلطل,ملعنمفهملعيوهبلمعيوقحل,مربااذافء,هيقسراركتيف,نمكعمامب,هركذيتايس,نيخستةوقنوكتواديدحل,نبدمحمانثدححاضونبدمحمانثدحغبصانبمساق,سانلابجرخفمويل,سارسيجنتهتنسنمنوكيفيكواولاقهباحصء,مهلاهجومهتلفسوموقل,هملسيوهلصحيوبهذيلهميلستىلع,ملسمنبنافعلاق,يبسقبيملحاكنل,نماهلكةلدلابةلاسمل,خبقارحء,نمنوكينازوجيهنء,نوكيناركنيامفء,اسنللاهبسابلهنافكلهاضعباهتوس,يضريلعويدهاهعمنكيملاهنلتلح,يشلكهنمهلل,مويهفاوطيفهيفبكريذل,بمهاردل,حبواهنعلاسواهرمايف,دبعنبريرجهحاراامل,اذهنايبناكلحاكنل,ةهبشلابهنمجرخيوةميزعلابهيفلخديلبكلذنمء,املضفهلنيبتةباحصل,دعبتسةنسةيبيدحل,ىلعاهبنولوقتلمتناواهيفدييق,اقدقوةداهشل,جورصبل,هذهنامولعم,امهحاكنىلعناوفصووهملسوهيلعهلل,اقرخبل,وقيفهباحصابطاخيوحورتهبحاصلمهدحالوقيوكلذ,هبىلطيوفافجلاوسبيل,دبعونامثعنيبوةثراحنبديزوةزمحنيبورمعوركب,كواشاحف,هالعفيامكء,نارفعزلاوىفصمل,اقهنعضرافهنعايضارتيسمادقينء,اقهناليمشنبرضنل,لودوريبةراثء,ناهتاجردلقاونيخيشل,خهنااداقتعاواداعبتس,مويكمويىلعبرغتملوسمشل,حيرشيبابمكحل,هدحوبرشيملوهدحولكايملورغثيملريغصلفط,هللاوهتافصيفلوهلاعفايفلوهتاذيفهلهيبشلوهتيبوبر,ديريدقوهلتقنعهتيهندقودعسنمريغااناولتقل,تحتاهلوخدنم,هعيمجللماشناكناوةقيقشىمسيامزلسارل,بقهيلء,ىلصهيارمايفلصف,هيفليقيحكنتملامهبقحاتناهلوق,ةدميفةعجرل,ءاقبافاهلاحىلع,عبطعمطمنممهسميل,سوفنلاوةلعفنمل,قبسنمنء,ىتحكلذهلمتيومهرايدومهلاومامنغيومهدلواومهءاس,هباحصاويضاقل,هيبنىلاعتوهناحبسرمء,نيصلخمهايء,هالتاقيناىلاعتوهناحبسهلل,رثكيلونيعتيلبهيلء,مسلاوهتدعمتلتعاوهمضهدسف,هبنجىلعماناذاف,يلدةفايقلاوةفايقلابهبس,يفةدحاوهعباصاملسوهيلعهلل,ناهدجنعهيبانعبيعشنبورمعلاق,يمذللريزنخلاورمخل,وسرنعاهلقنةنسرسحميداويفعاضيلاوهنعى,ىلصهلوسروىلاعتهللابمهفرعاومهلمكاوةباحصل,اوبسعاقرل,ىلعنيحجارامء,هلبجوء,ةسمخلابيذلاوفلء,املاعيمجامهبلهافةرمعل,يفارطش,درهنمصصخ,ثيدحنمهكردتسميفىورمكاحل,اموينيثلثاودعفمكيلعمغنافهتيورلاورطفء,ناكومهنعهلل,ذتليفهياقلمويوهويتاينادبللجاملل,ةدياملاوحدقواةجاجزوهفلء,ضفانموهومهريغوةنيدمل,ةلزنمبناميل,دهشنملء,نودهجحتبرعل,تحتةنوفدمل,دبكلامويعفاشل,ناكاذافء,اجاحرجاكهلناكىحضل,اواراملدوهيل,يهوةميدقدقعل,نيبهركذينكيملوهيلعاودهشيملوهباحصانيبهركذ,هيفنذاام,وسررحنامللاقيلعنعدواد,نيمويوامويبرهشل,ةضرعهلعجيوهفعضيواهلمحسارل,تلتاقنافيللاملحيرل,غيصوعومجل,نماذههلعفيملواذكواذكلعف,اهنعاظوفحم,دبعمماايةاشل,دقويملسل,بقلب,نمسا,انامثواعبسواتسةنسجحل,يفةدايزناكوهسلكوملسل,هلعفياميفهباحصاملسوهيلعهلل,ويمجعىلعيبرعللضفلملسوهيلعهلل,ويياماورظ,دبعنمهيلء,تلطبهتياورطوقسبج,يدهلولوبقلاوميلستلابهانلباقوهانلبقكلذيفمهنعادح,امناواهلريثاتلهناوعاضرل,يتايسوهتيبيفةعمجل,خبهيعاودلواهوطولح,ريغيفيورناوهيلعطلغدقفكلذهنعىور,يضرركباباناهنعهلل,دنعانهاهنماهتييهكانهاهنمسمشل,ناديجدانسابهريغوةبيش,يفعقاولاواحيحصنوكيناثيدحل,نودباوثل,نارجنلهاىلء,انامهطنبرطمورمعثيدحدانسء,ريخاذ,ةياوريفيعفاشل,رباكاونافعنبنامثعنينمومل,اهريغنمهتنباولجرةارم,يدحفطارصل,لتلطباوةيرانل,حصيلوعاجترل,ىلعةقفنلل,جلعفهلل,ىلاعتهلوقلوزننيحوةرجهل,هبدهشاملفهنب,طلغواةحيحص,جحلابلهامثةرمعلابلهافادبهناوجحل,يرلبرمععبرء,هبلقىلعهلل,لامنعناتياورهيف,هرباومسققدصاىلاعتوهناحبسهلل,اهبورانلاوةنجل,طقستامهدحانلوق,هتاداعموهتقرافمياكرشمل,ميرحتةينل,اهلحاواهبذعاواهفخء,ملعاوهفقوميفملسوهيلعهلل,قلطاامناوانزل,وسرهربخامهلاومامنغتومهيرارذىب,يفقرفلولاحبجيوزتلابطقستلاهنايناثل,دبعنعهنل,هبعفتنيث,هنمموصيىتحرهشهنعجرخينكيمل,نيبيوجحل,تاوذنميتل,يفكلذناوهباوجمدقتدقف,نيبجوزل,ضراعمهيبانمعمسيمللاقنملوقنايناثل,نمعفراميفاهعفر,هنماوبجوتسافاوعضخواورسك,اهتقفاوملىلواهذهفموصل,هسبلييذل,اذهالاقفيلنب,اهنمكلذيفكنمكلذباغىتح,دهينمانسفنارورشنمهللابذوعن,نمرفنهنودلاحفهنيبومهنيب,هدرتولوقل,تقويفنارهظيامهنافحيرلاورطمل,دنعدجل,نافاذهواذهء,مهيلعبرضوةمذل,ماقمىفوهبهتقث,ملعانموهنمربخوةرمع,مدعنممزليلوامهبققحتهناهباوجفامهبوء,ةيبصيلنء,اقلخداملف,زاوجىلعليلدهيف,ىتحبكرمثحبصاىتحاهبتابمث,يرمعلفمكراثاوبيصاركب,يفعشختمل,وسرلاقفاهيلء,هلاتقنعفكواهلتاقنمبرعل,نمادعبواهزنتكلذلعفامنء,يشيابمارحءليخلاورخفل,نيذلاوهلوق,اثلثينقلطيجوزنء,نمنسحالولواهتباجء,نمفيدهل,عمتلتاقمثهلوسروهللابتنمء,ىورواولاق,نادحاكشيلهفهسفنبةناضحللدصتمريغمكاحل,حاورلابسانل,نماوفرغ,تعفدفةنيدمل,ةرشعهعمورمنطبوهونارهظل,وهنللفطلوهوتعم,اهقرافيلاكلميهنافدسافدقعل,نيارقنممهفييتل,يفهذخامنعكيبنتهبهذمنماهلكعورفل,مونلدعاهدجوملسوهيلعهلل,هليكوبواهسفنب,اهيفهتونقرثكاناكلبرجفلابهصخينكيملواهمدعدنعهك,افيتساب,يفنااهنم,افورعمبكسميناامء,ىلعهونبهلل,تنبنورشعسامخااهنادوعسمنب,مثهبملع,مهنيبيضقيةعيبس,امكحص,يشيفبيطل,اماعاميرحتاهمرحيمل,اقعفاننعحيحصدانسابهلل,ىلاعتلاقدقواولاق269,هنمصيحململل,هوةبتعنبديلول,ةفيعضمهدنعيرهزل,بقاعبرايلصيملسوهيلعهلل,وملكتمل,مثمهيلعينلمعتساوملسوهيلعهلل,ةديربنبهلل,نودنمابابرااضعبانضعبذختيلواييشهب,مكيلعاعوفرماثيدحيوبنل,هسفنراعشء,دمحانعةياوروهوفذقيف,يضربلاطيبانبيلعهبمكحيذل,وطيناكهنافهمزتل,كاوةيوشمل,يفحابم,دمحباهيفةضراعملوخسفل,زاوجىلعةجحاذهيفنكيملحصولوتلق,اهنايعافل,هنيملهنعهلل,اقةهلل,هورشبنبدابعمهنم,نمرظنيفهدابعاهبربتعيىلاعتوكرابتهلل,زاوجنايبلهلعفلبليقوهيهنلخسناذهليقف,بقناككلذنلمهلاهنمضلواهنعبذل,نماهيفجوزل,ةلمجنمهتمسقناام,نمهيفهدعبعقويذل,هلباجتسافللاق,يمروليخل,يسارتدبلينء,ارقاةدعدحاول,داتعملاوعقاول,ملاماهبقحاهناسابعنباورمعوركبوبامهنمريخلاف,يفعفنيلاملكنعناسلل,خركنملاوتباثل,ىلعلدتنايبةدايزوهفهدجركذفةذوهنبدلاخنبءادعل,دبلللهدحوكلذمهماعلنوكيذينيحهنافمهباصاخناككلذ,هنافكرشموانازامء,ةدمورهشاةتسكلذناكوليق,يبابهذماذهومارحابلء,ىلعةداهشلافحيحصل,تلاقونيثيدحل,تابوطرلاوخاسول,نمهلنوكيفعبراةنس,ةقفنكفورعملابعراشل,تاعضرسمخبميرحتل,بمهترظانموباتكل,عماجولفاهلمحمدعىلعليلدنوكيلء,هلتلطعفدارمل,نبلبهنيبواهنيبةمومعل,اذهرس,مدعوكلذكهناهيفبيرليذل,ىلعةداهشاذهناامهدحانيهج,نمنولخعبرل,مكدلوايفهلل,عيبرنمرشعةنسلبليق,هبنثعبتلاومسقادقدوهيل,ميرحتاذهىضتقم,هبحعفانم,رطنمهنعتاردةجوزل,مايصىلء,ةليللاحاذء,نوكيفاذهىلعوناسحلابحيرستل,ضعبكلذىلعهعب,همهسهلفشيجل,ركذوارهشملسوهيلعهلل,هناكامنياسانل,ىلصهلوقبجتحيوهموصيلهنعهلل,نكيملام,راتخيوىنعمل,ملاقلطدريملواهتحرسلاقواهرعشحرسوااهتقراف,اسرافةرملسراوهماىلعقشيناةفاخم,هلوقىلعهنطابوهرهاظرهطنء,دقعفارابادجوف,متحيهلعف,هللاوةرمنيعبرء,انيوسرثومقرف,رقاىلء,ءارسلا1,دعبددمل,نعكوداصوكولتاقممهواعومجكلاوعمج,سمخسمخل,هوامهنمضتيدحاولعفبنيلعفل,اهدحوسارل,يفدمحانعةيكحمل,دعمعز,مسقريغنمنهترشاعمهلناكواهيلعابجاومسقل,غيزتىتحلحتريملاذء,دبعهبدرفترملاواهبرمل,ةدعملاودبكل,رعاولاقةلاقناهنافةعيبطل,مدعبلوزتةهاركل,نكلوكورتموافيعض,ديعسيبادلاوكلامصم,نمملجرلء,مهربخافنيدل,قدصهلوقبارارقاوةداهشهملكنمضتليق,دعبلصحيرييختل,عفدوء,ركباباكلذبرمايملورتويىتحمانيلاهرمااذهلوليلل,مهجاوزانومرينيذلاوىلاعتهلوقمومعلواولاقهنيم,تنبةمطافةياورنمهنلعطقنمث,نبميهارباومرثل,يلصملابىلول,لذيفةشياعهلتلاقف,لذكوهمعنفاروزولوقل,كتاعكرتسبتارمث,اهيفسيل,هذهوهنعكيرشل,يرقنعهيلعفوقولاب,ادلةرساكةبيصمل,ضعبنامولعمل,اذهوةدلول,سبلملاوةبرشلاوةيذغل,اهبنك,لاملاوطقتلمل,عضوميفدمحيوعضوميفمذيبايثل,طرشبهارتش,يفهعمكلذزوجييذل,لاطيباةياوريف,هيلعاوراغالء,يفهلحماولحام,نودركذلجليء,نيبعمجهلزنم,حيرخء,دوعينازجيملهركذ,نيلصلنمضتمكواضقيفلدعكمكحيفضامهلوق,هودقعل,ةونعاهلكربيخضرارياسمكحامهضرامكحناكفلاتقل,هدكويوهلهابجوزل,ستغتضياحل,متةضيحل,يقعاهوطيلبىنزل,نمناكونصحنبةنييعمهدياقونافطغتءاجوةرم,ىلعهبابحتس,دعبيادعبهلوقبدارملاف,نممهوةظفلل,جيلوةيتاذلةيضرعةبحماهناوةبحمل,هبانابنااميف,يضررمعهللاقفانبحاصلتقاذ,يحدتعتفاهتيبيفدتعتلقيملوارشع,لذىضفاتنبل,ىتحةرمعب,يكاهريغنعلاسيفاهدصقيةهجديرينالثمقحل,هرهاظنعرمل,تاهماىلعمل,هبديريهناوةناهل,نمولخيلاممهريغواورفهبعافتنل,دمحامامللاعبتفنصمل,رهملاق,اهلمحققحتاذء,ةداعنمركشل,مركةراطنةهاركىلعدمحاصناذهيف,يحبهسار,عضويملوملس,ملةرمتسمةميادةيفاعيفتكرتولفىوقتلاوربل,هيفناكوهمعطذلوهحيرباطوهضايبدتش,ركبوبالاقفهقحنمهضراف,اقمثاهجوتملوقءاربتسل,يفهبىس,هلقنولعفل,رهاوظهتقفاومل,رجزلاقفرونسلاوبلكل,نكلومكتلمحاناامملسوهيلعهلل,هذهبنوصمل,نيرماىضتق,هنمحصنملكناىلعةيل,يواتهلل,نعيورم,حصافعيبرل,يداولاق,ةدمبلاغصبرتتاولاقميدقل,اقهياسننمايلومهتبرشميفوهوهنعهلل,ةهاعبنلجريلتبااموامهنعةييدرل,مدعبىلواوهليق,عاضرلملسوهيلعهلل,ناوهلتق,هودابعل,اودجوفمهلحراوتاىتحاعارسموقل,ديحوتولمعلاوملعل,ماايهلل,هيعبصانيبعمجونيرجاهلنء,ريشننحنوةعيبطل,ىلعمهاوردقيملمهرصنيومهمادقاتبثيملنء,رذابانامثعىفنامل,ىيحيلاقاضياهيففلتخمسوانبدعساضياهدانسء,نعلوةطساوباهنع,داعفمهريغمهطلاخيلةدحىلعراديفهلهاوث,ينبنمرايد,هاتانافسعنمابيرقناكاذء,هبديرينالمتحياماعنيعبسةريسمنيبابل,ماعرمشيبانبث,زربمثهلتقفرخء,وسرنلاستلوقيامهلكاهقنعاجيةصفح,يفامياقبطخوء,مللجوزعهلل,هاذافدجسمل,ةنوخسةطساوبكلذورانل,نماييشهتداميفنالوراننمهقلخهناهناحبسانل,مهءاسنبسيملهبسيناكنمممهءامدملسوهيلع,ةطوبضمهرمع,مهنظيفهلوسروهللةعاطاهولخداهولخدولفليقناف,اقويناهماتيبنمهبيرساهنء,مهتداعىلعهعماولصمهناملعنيزعاولصينااوعمتج,ضعبلجعتعجراملفهنماوبرهف,هاداعاييشلهجاذء,نبديزنعةزمحنبدمحمانثدحلاق,ابدلابهبشتل,ةدحاوواث,عباملواوبحاامكاهنومستقيمهيلعةيزجلامل,هبقحاتناهدجنعهيبانعبيعشنبورمعث,هجوفماعطلاب,نمونسحل,اذهنماسيل,ةجاحلرغصل,هرادلخدنم,سفنيفعقاول,اقنابذبذ,اهبكرامععابطل,هذهيفاهبصتخ,مللاويوارفصل,دنعملس,هاكلنوكيلاصخثلثنيبكريخالاقفملسوهيلعهلل,هودعظيغبنمومل,وسرانرمااضيارباجلاقفعادول,امثيدحل,هيلعاهقلطيامنء,مامجنمهعسوتوهحتفتليقوهحيرتداوفل,هتبلغلهكر,هارضحتسيوهبلق,وسرهثعبيمهسل,مهدنعامرابتخاومهنير,اماقفكلذريغكلدجاامينكلوهنظاامهللاوللاق,رثكاوهوةراتنيبوثل,نمهبرقااملاقف,رتىلعهنمنوعلطيدقدابعلاوهاوس,ناذادنعلوقاناملسوهيلع,ريغاهنء,اظفلةعوفرمل,هزندقبوذكمربخوهومزحنب,اقنمىلعدرمثنييبنل,امفلخبهلةكلاميهنوكتلفرييختل,ةبارقنمناكنمنانملهاعد,هلنذاناوهيفنوذامريغلعفنمدل,ىلصيبنلافاضياواولاق,هروفنم,تاشنفةدحاوامهرادتناكوءامسااهتدجلةقداصمتن,ةعمجلكددرتيرماهنللمعلابجاجتحل,ءامقبسدقونيوبل,مااهلاقلطنوكيلهةمل,هرهوجةلاحتسلنوكيهداسفوء,قايسفلول,وسرباتكدفول,نمضيفوولب,نامكاقتاهلل,نماريثكوييلتمل,ءاجونارينل,تعقووكلذبةحيحصل,مشبمكيلعحصيلث,ناكليقوهموصضرفوهميظ,حضتتناكةكمبةارم,لذكهراسينعوهلل,ةنيدملاوةكملء,يروندبل,اونبيذل,هنافةفرعوىنمنيبرسحم,ةيلضفايفسانل,نيباهمسقيهناةثلاثةياورهنع,طخانبييحليلحولامهيفاكسماوبيغفدهع,لذيفمهدشايلعناكوةباحصل,عفدىلع,نوكينالمتحيعون,رييغتيفناعلل,نلطبىلعلديوروهشممهدنعهفعض,ىلعانودعوقحل,ىلعمزعوللب,نافىوقء,تناكامكتيبل,تاوذنوكتنايضتقيانبهذمنافهداسف,موييناثوهسوءرل,نمعفنيوةعيبطل,تحتليلذهتضبقيفناعوهلبهرمانمءيشهيلء,نمريثكبمظعااهلغملوصحلضرل,اهنعارديوهلوقموهفملوتمدقتيتل,وسرناامعزف,هيفللحتيتق,ىهنملسوهيلعهلل,دمحمملسوهيلعهلل,عبدقرفنبةبتعناييابسل,ىنعمكلذبميل,حدقواينغمىمسيونايرل,نعيزاغملاوريسل,اوتافرفنيفديلول,طلغيوارل,طبتملترس,يظنردقيفىقليوهلاثماةسمخبذعل,احصايفماشل,عمجتمليوبنل,حيحصدانسابيقهيبل,عضنوىلاعتهلوقكيفىنعمبونولخ,عسواذهوكس,وءرلاوقودصملاوقداصلاكنيتيامل,هواضوعجرفل,يلوولتاقل,هحيحصيفملسمهركذةعمجل,ميدقتيفماعصنهنعسيلعراشل,يفبكرمهنالء,طقساذافحلسل,هباتكيفلصف,ياقاذهبملعيلوةتبل,عمسيمللاق,يفناكمامهلنيتيراجب,ديعيفاماوارتونهلكايوتارم,اولاقهدصقاميفدوعاهيطوىلعمزعلاواهميرحتراهظلاب,نلضعبىلعمهضعبةمذل,نعكناسليفكوهلل,اهناءاملعل,دبعجوزتدقوهلياضفوهبقانم,ناكوةداتقلاقكلذلثملوقييرهزل,اييشاهاتء,نلةرضماهبعفدتواةعفنماهببلجتيتل,ةرماهفاعج,وقنعملسوهيلعهلل,ناكفسانل,ازجاضعبيفملاعادصل,نيذهىضتقم,ةنسلوىلاعتهلل,وسراهيفىضقفاهنطبيفامواهتلتقفرجحبىرخل,هاضعبلاقىتحهتريس,موقلاوادعاصفنانث,عمهينذاحسميناكونيبروجل,نممسيملنمعىمسنمةيمستزجتملهريغىمساذاف,ريغبموق,ابنملبء,هتماخوببهذيوماعطل,ةعيلطشيرقلليخيفميمغلابديلول,بسيهةعاطل,هلجرتعطقدقوةديبعلمتحاوهلتقفةديبعنرقىلعةزمح,دبعاباتلاسانهملاقتاقثمهل,امدعبةرقبل,هللاوناطيشل,وسرلاقفليبحرشيارنعلء,انيمويل,زخوهنء,ءاوسمكوعزانمهبباجاهبمتبجاامفء,عضوبمكحملسوهيلعهلل,يذقح,عمجفلزنمثراسفبكرسمشل,هللابواعطقملسل,املابلسعلاوقيوسل,سرمودق,هتعضرافاهلامرحمريصيلةفيذحيباىلوماملاسعضر,يفاطاغتاذء,يداحاامهبضروعنيذلل,فاوطيفملعاهلل,ةنسلكنارقلابليربجهضراعين,ةمقلةنوعلمل,تلاقاهناةشياع,ىتحضرعتلزتملفسانلابيلعهتيجنميلابناكولوهيلء,ىلاوجياوحل,وكوانثلجوكراجزعيلع,دوجولاببسامهدحاسيلونامزلتم,ةدحاوفنعيملفقيرطل,نمهيفبجيملاميفاهقحطاقسء,اقامكادبء,فهبسنتبثيذيموينموهبسنمكحديدجتاذهنلءيش,اوقااهانيارفلوقل,هسفنىلعث,ركذوهبميرحتل,يهذخاتياموصتورطفيكلذكوقوفنمةانثمل,ريبجنبديعسوةبيتع,يفاتناكنء,ماتكرتاهنانيمياهيلعلهاوفلتخ,ريغاييشينعبتكنم,نمهريغهانعميفهكراشياميناثل,هابذعفهلدعمهيلععضونافكلهل,يضمببيرقل,هباحصانمرفنيف,نمكوليلل,تيملينء,نمهنكمتلنامزل,يدهناكاذكهودوجسل,يهملسوهيلعهلل,مهنظنعردصيذل,اهقادصاهقتعلعجواهقتعاوهسفنلاهافطصافتملساف,وسرناربخاوهعمعساتل,ههركاذء,امناىريسابعنب,هيلعوجرخ,ةبغرمهبملسوهيلعهلل,رهطتنالبقهنماهارتشافضياحيهوتجرخواجرخ,ىلعثفنلابوةيقرلابنيعت,يفتاملكل,حصيليذمرتل,ةرهاصملاباتمرح,هيفنحص,نمدجسميهفمهدبعتمومهكس,عمهدجوهناىعد,اممريخهبنوبلقنتاملهديبدمحمسفنيذلاوفمكلاحر,زبخنمءاذغلقاوهوىلول,لتيفدلول,ميلسينبوزغىلء,دشاانومتممغوث,حتفيولوبل,طقكلذ,ابامدحالاقلودارفلاب,يلصتتناكاهناهيبانعةورعنبماشهىوردقوببسل,هرصببيمويدهشتل,دقواهسفناهدلوهنوكلريثاتل,هيباوانيبافلح,ةدحاوةجرديفىثناوركذهلنملكىلعسايقل,نعامهلكرمعموكلاملاق,انباصتخمناكاذهمهنمدحاولجرهللوقيلونورفاوتم,رظنيملءليخهبوثرجنم,وثلاكنوكيفلسغلابهتراهطنماضياجرخوهداقيء,اهفاتكاىلع,يفتلزنةيء,ىلعاورمتس,ةدابعنملييارسء,ناكوةبتارل,يوردقوفعضهيفويدوعسمل,رفكتدقكرشل,نيفشتستاذامبيوردقوةجاحللفلتخلاويشمل,دمحابهذموهوهنلطب,ىلعرودقماهيفتباثةمذل,املابجزمنء,يههذهففلكتلاوملعتلابلء,يفيقباملعجيومهتنستوقهلهلسبحيظفليف,ةصرفز,ناوليواتل,ةجحماعملسوهلاوهيلعهلل,مكلمتيلوحبذل,رابتعاوودعل,امهللاقاملهنافكلذلعفملسوهيلعهلل,يفهتلحارىلعراهنلاوليللابعوطتل,دلاخانثدحيطساول,امبتورزنل,امهدحاىلعهقلطء,يفةجوزل,هذهامهنع,هايندوهنيدحلاصمهتوفيف,ثاوناكونماباتكهنيبومهنيب,وتاوارضخل,نعكلامانربخء,نمدضهلء,اهلفددجتياهقحنء,وسرىلعاشيرقرهاظهنافبهلابالء,رتواهثريناةنسل,تدسفالاواهفطلتواهحلصتواهتلضفعف,هلعلفةعيرفل,ازجانملجازتمل,هاذهونيتدجسدجسيمثملسيمتنيحيحصل,مهلزتساف,مويهجورخلطبفسيمخل,حلسلابهودعنمفاصتنل,ةظيرقينب,ةنعلهيلعتبجودقيذل,اولزنافتفصنادقاولاقانملظ,هذهريغوةرورض,ررضعفدفةلمجلابوتنمسفبطرل,اهيفعقواملفهنعهلل,ءايشاةثلثدحاىلء,ىلصلجرناوللاقهناهامس,نوكيامةيودلاوةيذغل,هتبنااميفاوفلتخ,اندلببملعل,وسرليق,خباهرمء,هنعىهنلهنعىهنياييشناكولف,ناكناولييارسء,نهتجردتلزنناوامهتانب,ىلصهلاص,راصحةدم,تمرحتمرحةارم,اذهىلعاهيف,هرياظنكلذكوكلذدصقيناهلزجيملناوهقيرطيف,ىلصهنانايبويخاةنب,نااضياكلذ,صنيملنمقلخل,نماهيلعهليذلابطقس,ةمحصاهمساويشاجنل,ملومهمارحء,ينبصيمللجالاقريخلء,رشمكح,يفوقيرطل,ةازغيفكلذمهل,ةجلاعمانطبنتس,مجرفهبرمافلاقينرهطتناديرء,هادنعوهوحاحصل,بقاكرشمتامنم,هلامتشاوهتمكحوعرشل,ىيحيىوروةعمجل,نمبطراودرباقلطل,يفهلثمردقيميرحتل,هتقويملورغصل,ةمدخوةارمل,اطيواخسفيملاماهدييفنوكيواسلجملاب,هبخسفينمدنعةءافكلاوزوابيعثودحواعاضرب,ةصحفدحاوباةلزنمةثلثل,اكداوفيفرانل,وسرلباقيملكلذ,لبقنملسرللليقدقاملاكللاقيام,ةلصمكنمىلصنم,يبسلوهباوربخاوكلذ,اوداعمثمهياسننماورهاظنيذلاوهريدقتناكيضامل,اهدحاعاوناةثلثيهوعباسل,وعفمناكارماهيفهلل,وسرتنقامناواوبذكلاقرجفلابتنقيلزيمل,ناتسيامهدحانيلوقىلعفهركذيملناودحل,قلعهناحبسهنانيلول,وسرىلعناعوضومنلطابناثيدحهيف,ريثيسمشل,ركبنبدعسينبدفومودقيفلصف,هعفريهلل,رقبلافيدهل,يفهنمناكامفهلكواسارل,يغبنيليتل,ميرحتيفسانل,مهقانعاتبرض,خساناذهليقف,طرتشتناىهنهناامهيفواهلردقام,ةيذغتء,اقفهايء,ىلعتلك,يفمكيلعترثكء,نوكتلوءادرورازء,اهلخدايتل,اورظنالاقمعناولاق,دحنكلوثيدحل,هبتكرباهنممهيلعطبهييتل,مرحمةييهبكتييهامرمعلاقفمعنلاق,دمحمنبريهز,مدنملكانمنوناقل,عقتفاهريغواهبلوخدمل,اميفنافهقانلل,نوكيومهلاهدعاناكلهابحانء,نعلودعل,رشكبناكنء,نولخديلمهنء,هيلعمرحتنمل,اضعباهضعبقدصيلباضعباهضعبلطب,وسربتعمساملفيموقيفاكلمتنكونيدىلع,ملكافلز,امهمديملوشبكشبكبنيسحل,ةرمعوةلقتسمن,هاطعاامقوفقحتسيهناوظحل,ديبعنبةحلطنعهحيحص,امبنيمهردمويلكهنمفتساوامعانقحساذء,زجعنافء,ةارموعماجل,يلخيةمامثىلء,ناكلسانل,اقفمهربخربخاملسوهيلعهلل,ةقيرطهذهواهنيعبخيشل,هديبيسفنيذلاوفارسمكدلوااولتق,ادغفحبصاىتح,مكنعينغتنلودعناودوعتناومكلريخوهفاوهتنتناوحتفل,ملسميرم,يتالاقرمعنبهلل,تباثنبعفيور,تياردقيناونيتفياطل,رفغيلاقف,نمريثكورفلاوركلاولبلاوليخل,ركذوديزورفعجووهمصتخ,مكاىلعرهظتواهاضقواهردق,ةنتفونولهذهفبياصملاومعنلابرشل,دبعباوجاذ,اذهناكلءادتب,خدملاق,ىلعمهنمقا,ةلصةثلاثل,مهوبلطنيذل,هتجاحودبعل,اقامدق,حلفاواحابرواراسيكدنعالجرلتلقاذء,تمدقلهفاذهفرعاذء,وققفاويةنراقتناكوكترمعوكجحلةورملاوافصل,ىلعهيبنتاذهوهيذويامهدسج,ميرحتحجرنمةلدء,ىضراناككلذلوبلقل,يفهبعافتنل,يفللحمدكفسهللحاامنء,رشعملفرعريغانيفبيعل,هباتكيفمكيرخاتملضفاهداسفب,دنساتنكف,وسرهيلعاهبسحةقلطل,وسرىبسوبطخانبييحتنب,نيبعمجاملينللاقف,اهللحتملولستغتمليهوتلحةلصل,ةمرحمتيقباهنء,ريغكلذببطاخهناحبسهنافاضيء,اييشضرل,انررفامنء,دحاعديملوهلل,هنمهلهلل,ءاكبيناثل,اقدمحء,نوطبذفانمدسيجزل,ةحلصملةاعارمواناسحاوهنمةمحرةارمل,هيلعاوعطقفماذجنم,اذانيلعافل,نكلومهضعبقرتساونيملسمل,نهربوافشلابىمسمل,اوشيفىراسل,نمهكلمياميفلكومل,ادبممهلاوةدارلاباكرحتمدبعلكناكامل,بسبث,ءانباذهفعيبل,نكميلوةمولعمهرياظنوةنسلابباتكل,اكتيواهيلعسلجيلاواطوتوروبقل,تاداهشعبرادهشافمقهللاقملسوهيلعهلل,هادهنمفمهتبوقع,اوحكناوهلوقبةيل,ةياغاذهفامارحاهللحلعجوهلل,سنجنماذهلباحلاصوء,وللسء,راتخيوءاشيامقلخيكبر,ىلعاهبقدصتوةيدل,نافةسململ,عامجلابكلذهمزليلودولوملاكهيفنكرتبهمزللهقاحلتس,هلاوحاوهتريسوملسوهيلعهلل,زمرهنبملسم,نمبرضلثموهبرضلاوهدنع,تحتةقتعمل,ةيوهلاوةنكمل,هوامروهطل,لذيمنفامومحمتجرخفهيفتلستغافتلخدف,عميدهل,زوجيلمهدنعوهانعميفناكذء,ىلعكلذدعبهديبرضء,نمكتقانظفح,مكحنء,مهادانمثنايفسوبانيملسمل,ركذفةيمحملس,طياحيفكلسىتحراصنل,ةلصوننسل,يلعطقل,انايبهنملهسابوروظحمل,قحلةياعروحاكنل,مضهةيناثل,ديقملفلستغ,وقلاولوقل,مدقنيحفابياغةمل,دقلتاوصل,وسرىبافملسل,ناجرخياناكمهلةفرعمان,ادرفنميناميلابهنع,هبءاضتسيرونللوسرل,طقفءاذغل,نعوىحضل,سابعايهببهذ,اييشمهيلعيدجيلامماذهوكلذيفحيرصةصقل,دبعىضقهبواقيقرعجريل,اقفهبملكتينانمهيلء,هفدمحمامء,وقيلبنحنبدمحاتعمسدوادوبالاق,هذهبابرانمدحانكيملوناعتسمل,نمتقلخاهنافةلخنل,ذبنيواهدمايضميىتحهندشيلوادقعنلح,هربخوهمكح,هعفانمنم,هطيرفتنعلجرل,جريفاوعزانتمهنانيعماسل,باوناكتس,ناعمثلثىلعةعجارملافاهعجاريلفهرمهلوقامء,اييشمهيلء,ابانافاهنعلينالء,دقاونبنيسحل,نايناثلاوةنراقتناكاهنااهدحاروماةثلثىلعلدياذ,تخلاولاكشل,هسفنصخيفاموقدبعمويل,انيلعاولوعحايص,يفيلصينكيمل,نمثلابملسوهيلعهلل,راحاهقدصء,ةبطخلاوددعلاورهجل,اهبتمميتفء,طاماوااضيرمداعوهلهاوهسفنىلعقفنء,ذخاركنيملف,نارجننمملسوهيلعهلل,نوجرخيامويسانل,لذدعبهيلع,ةنايخىلعاعلط,نبدابعةياورنمفناميل,يدححص,رمعهللاقفبيطل,ينميباثيدحنمدنسمل,نااودهشمهلكنهنعهلل,نمهدنعدبلومهثراوتنمهبهذمنممهيلعاهبوج,قرحوةراحل,رفعجلاهبهءاضقركننلنحنولاقةزمحتنبنممرحم,هتاضرموهمكحلقفاومهناوهبهاضرىلعلدهلاحداموهلعاف,يضرةمطافهماهتدلونيحيلعنبنسحل,اميفيلكرابوتيلوتنميفينلوتوتيفاعنميفينفاع,هلاهقيدصتنافهنمسيللمحل,هيفديلوهنخسيامك,مكحاهمكحنيعةعقاويهفهسفنيفهتحصهدارمناكنء,تاعاسنامثراهنلاوليلل,بنلابمهيمريلعجفهيلجرىلعوهوموقل,اذهمهيطع,اطعنعدايزنبةريغمل,ميلسونبوانااماسادرمنبسابعل,ماقماوماقةثرول,نمةريثكءايشالبطقفولحل,.اهلعفيملنمىلعركنيوةدجسب,ةحصفقوتتيتل,نمدحاديىلع,هللابوليلنفدللةحجرمل,دمحاهانعمفهل,اذهتبثيل,عمانقلط,اهياايهيلعبتكيسمشل,ةيلونمهلل,ريغنمةماركواةيدهلحفل,ههبلغيفايقتينمىرينابةعيبطل,ثودحلبجومل,هذهيفهلوسروهلل,نارمعلا124,نافيلايللاومايل,يدهنمن,هنمحصتليتل,وقيناطرتش,اقكلذكوةدحاوةياور,عفانمىلعدقع,يفتبثيناثل,شيرقبحاصاذههللاودبعم,امهيلعموادورصعل,يلصيمياقملسوهيلعهلل,زنيفيكعمسيكلذدعببهارل,ردابهناب,اصخثلثنمةدحاوهصختامبادبضارماتعمتج,امةلباقمناف,اختاهسفنبةلقتسم,هتيصاخوهيفةفيرشةليضفهذهوبلقل,اقناتتكسل,امتنانمهباحصاامهلاسف,دبللبهلوقبللدتسل,نمتلعجاهناقلطل,اخاموثيداحل,ةعيرشيفهناف,اهيلعةدعلوامهنيبث,نعنارهمنبنوميمث,مراكمنموهوهلعفىلول,اهيلعرجحلاواهعنمنكميلاذهنافسانل,اممزتل
1137.0,1137.0,1137.0,1137.0,1137.0,1137.0,1137.0,1137.0,1137.0,1137.0,1137.0,1137.0,1137.0,1137.0,1137.0,1137.0,1137.0,1137.0,1137.0,1137.0,1137.0,1137.0,1137.0,1137.0,1137.0,1137.0,1137.0,1137.0,1137.0,1137.0,1137.0,1137.0,1137.0,1137.0,1137.0,1137.0,1137.0,1137.0,1137.0,1137.0,1137.0,1137.0,1137.0,1137.0,1137.0,1137.0,1137.0,1137.0,1137.0,1137.0,1137.0,1137.0,1137.0,1137.0,1137.0,1137.0,1137.0,1137.0,1137.0,1137.0,1137.0,1137.0,1137.0,1137.0,1137.0,1137.0,1137.0,1137.0,1137.0,1137.0,1137.0,1137.0,1137.0,1137.0,1137.0,1137.0,1137.0,1137.0,1137.0,1137.0,1137.0,1137.0,1137.0,1137.0,1137.0,1137.0,1137.0,1137.0,1137.0,1137.0,1137.0,1137.0,1137.0,1137.0,1137.0,1137.0,1137.0,1137.0,1137.0,1137.0,1137.0,1137.0,1137.0,1137.0,1137.0,1137.0,1137.0,1137.0,1137.0,1137.0,1137.0,1137.0,1137.0,1137.0,1137.0,1137.0,1137.0,1137.0,1137.0,1137.0,1137.0,1137.0,1137.0,1137.0,1137.0,1137.0,1137.0,1137.0,1137.0,1137.0,1137.0,1137.0,1137.0,1137.0,1137.0,1137.0,1137.0,1137.0,1137.0,1137.0,1137.0,1137.0,1137.0,1137.0,1137.0,1137.0,1137.0,1137.0,1137.0,1137.0,1137.0,1137.0,1137.0,1137.0,1137.0,1137.0,1137.0,1137.0,1137.0,1137.0,1137.0,1137.0,1137.0,1137.0,1137.0,1137.0,1137.0,1137.0,1137.0,1137.0,1137.0,1137.0,1137.0,1137.0,1137.0,1137.0,1137.0,1137.0,1137.0,1137.0,1137.0,1137.0,1137.0,1137.0,1137.0,1137.0,1137.0,1137.0,1137.0,1137.0,1137.0,1137.0,1137.0,1137.0,1137.0,1137.0,1137.0,1137.0,1137.0,1137.0,1137.0,1137.0,1137.0,1137.0,1137.0,1137.0,1137.0,1137.0,1137.0,1137.0,1137.0,1137.0,1137.0,1137.0,1137.0,1137.0,1137.0,1137.0,1137.0,1137.0,1137.0,1137.0,1137.0,1137.0,1137.0,1137.0,1137.0,1137.0,1137.0,1137.0,1137.0,1137.0,1137.0,1137.0,1137.0,1137.0,1137.0,1137.0,1137.0,1137.0,1137.0,1137.0,1137.0,1137.0,1137.0,1137.0,1137.0,1137.0,1137.0,1137.0,1137.0,1137.0,1137.0,1137.0,1137.0,1137.0,1137.0,1137.0,1137.0,1137.0,1137.0,1137.0,1137.0,1137.0,1137.0,1137.0,1137.0,1137.0,1137.0,1137.0,1137.0,1137.0,1137.0,1137.0,1137.0,1137.0,1137.0,1137.0,1137.0,1137.0,1137.0,1137.0,1137.0,1137.0,1137.0,1137.0,1137.0,1137.0,1137.0,1137.0,1137.0,1137.0,1137.0,1137.0,1137.0,1137.0,1137.0,1137.0,1137.0,1137.0,1137.0,1137.0,1137.0,1137.0,1137.0,1137.0,1137.0,1137.0,1137.0,1137.0,1137.0,1137.0,1137.0,1137.0,1137.0,1137.0,1137.0,1137.0,1137.0,1137.0,1137.0,1137.0,1137.0,1137.0,1137.0,1137.0,1137.0,1137.0,1137.0,1137.0,1137.0,1137.0,1137.0,1137.0,1137.0,1137.0,1137.0,1137.0,1137.0,1137.0,1137.0,1137.0,1137.0,1137.0,1137.0,1137.0,1137.0,1137.0,1137.0,1137.0,1137.0,1137.0,1137.0,1137.0,1137.0,1137.0,1137.0,1137.0,1137.0,1137.0,1137.0,1137.0,1137.0,1137.0,1137.0,1137.0,1137.0,1137.0,1137.0,1137.0,1137.0,1137.0,1137.0,1137.0,1137.0,1137.0,1137.0,1137.0,1137.0,1137.0,1137.0,1137.0,1137.0,1137.0,1137.0,1137.0,1137.0,1137.0,1137.0,1137.0,1137.0,1137.0,1137.0,1137.0,1137.0,1137.0,1137.0,1137.0,1137.0,1137.0,1137.0,1137.0,1137.0,1137.0,1137.0,1137.0,1137.0,1137.0,1137.0,1137.0,1137.0,1137.0,1137.0,1137.0,1137.0,1137.0,1137.0,1137.0,1137.0,1137.0,1137.0,1137.0,1137.0,1137.0,1137.0,1137.0,1137.0,1137.0,1137.0,1137.0,1137.0,1137.0,1137.0,1137.0,1137.0,1137.0,1137.0,1137.0,1137.0,1137.0,1137.0,1137.0,1137.0,1137.0,1137.0,1137.0,1137.0,1137.0,1137.0,1137.0,1137.0,1137.0,1137.0,1137.0,1137.0,1137.0,1137.0,1137.0,1137.0,1137.0,1137.0,1137.0,1137.0,1137.0,1137.0,1137.0,1137.0,1137.0,1137.0,1137.0,1137.0,1137.0,1137.0,1137.0,1137.0,1137.0,1137.0,1137.0,1137.0,1137.0,1137.0,1137.0,1137.0,1137.0,1137.0,1137.0,1137.0,1137.0,1137.0,1137.0,1137.0,1137.0,1137.0,1137.0,1137.0,1137.0,1137.0,1137.0,1137.0,1137.0,1137.0,1137.0,1137.0,1137.0,1137.0,1137.0,1137.0,1137.0,1137.0,1137.0,1137.0,1137.0,1137.0,1137.0,1137.0,1137.0,1137.0,1137.0,1137.0,1137.0,1137.0,1137.0,1137.0,1137.0,1137.0,1137.0,1137.0,1137.0,1137.0,1137.0,1137.0,1137.0,1137.0,1137.0,1137.0,1137.0,1137.0,1137.0,1137.0,1137.0,1137.0,1137.0,1137.0,1137.0,1137.0,1137.0,1137.0,1137.0,1137.0,1137.0,1137.0,1137.0,1137.0,1137.0,1137.0,1137.0,1137.0,1137.0,1137.0,1137.0,1137.0,1137.0,1137.0,1137.0,1137.0,1137.0,1137.0,1137.0,1137.0,1137.0,1137.0,1137.0,1137.0,1137.0,1137.0,1137.0,1137.0,1137.0,1137.0,1137.0,1137.0,1137.0,1137.0,1137.0,1137.0,1137.0,1137.0,1137.0,1137.0,1137.0,1137.0,1137.0,1137.0,1137.0,1137.0,1137.0,1137.0,1137.0,1137.0,1137.0,1137.0,1137.0,1137.0,1137.0,1137.0,1137.0,1137.0,1137.0,1137.0,1137.0,1137.0,1137.0,1137.0,1137.0,1137.0,1137.0,1137.0,1137.0,1137.0,1137.0,1137.0,1137.0,1137.0,1137.0,1137.0,1137.0,1137.0,1137.0,1137.0,1137.0,1137.0,1137.0,1137.0,1137.0,1137.0,1137.0,1137.0,1137.0,1137.0,1137.0,1137.0,1137.0,1137.0,1137.0,1137.0,1137.0,1137.0,1137.0,1137.0,1137.0,1137.0,1137.0,1137.0,1137.0,1137.0,1137.0,1137.0,1137.0,1137.0,1137.0,1137.0,1137.0,1137.0,1137.0,1137.0,1137.0,1137.0,1137.0,1137.0,1137.0,1137.0,1137.0,1137.0,1137.0,1137.0,1137.0,1137.0,1137.0,1137.0,1137.0,1137.0,1137.0,1137.0,1137.0,1137.0,1137.0,1137.0,1137.0,1137.0,1137.0,1137.0,1137.0,1137.0,1137.0,1137.0,1137.0,1137.0,1137.0,1137.0,1137.0,1137.0,1137.0,1137.0,1137.0,1137.0,1137.0,1137.0,1137.0,1137.0,1137.0,1137.0,1137.0,1137.0,1137.0,1137.0,1137.0,1137.0,1137.0,1137.0,1137.0,1137.0,1137.0,1137.0,1137.0,1137.0,1137.0,1137.0,1137.0,1137.0,1137.0,1137.0,1137.0,1137.0,1137.0,1137.0,1137.0,1137.0,1137.0,1137.0,1137.0,1137.0,1137.0,1137.0,1137.0,1137.0,1137.0,1137.0,1137.0,1137.0,1137.0,1137.0,1137.0,1137.0,1137.0,1137.0,1137.0,1137.0,1137.0,1137.0,1137.0,1137.0,1137.0,1137.0,1137.0,1137.0,1137.0,1137.0,1137.0,1137.0,1137.0,1137.0,1137.0,1137.0,1137.0,1137.0,1137.0,1137.0,1137.0,1137.0,1137.0,1137.0,1137.0,1137.0,1137.0,1137.0,1137.0,1137.0,1137.0,1137.0,1137.0,1137.0,1137.0,1137.0,1137.0,1137.0,1137.0,1137.0,1137.0,1137.0,1137.0,1137.0,1137.0,1137.0,1137.0,1137.0,1137.0,1137.0,1137.0,1137.0,1137.0,1137.0,1137.0,1137.0,1137.0,1137.0,1137.0,1137.0,1137.0,1137.0,1137.0,1137.0,1137.0,1137.0,1137.0,1137.0,1137.0,1137.0,1137.0,1137.0,1137.0,1137.0,1137.0,1137.0,1137.0,1137.0,1137.0,1137.0,1137.0,1137.0,1137.0,1137.0,1137.0,1137.0,1137.0,1137.0,1137.0,1137.0,1137.0,1137.0,1137.0,1137.0,1137.0,1137.0,1137.0,1137.0,1137.0,1137.0,1137.0,1137.0,1137.0,1137.0,1137.0,1137.0,1137.0,1137.0,1137.0,1137.0,1137.0,1137.0,1137.0,1137.0,1137.0,1137.0,1137.0,1137.0,1137.0,1137.0,1137.0,1137.0,1137.0,1137.0,1137.0,1137.0,1137.0,1137.0,1137.0,1137.0,1137.0,1137.0,1137.0,1137.0,1137.0,1137.0,1137.0,1137.0,1137.0,1137.0,1137.0,1137.0,1137.0,1137.0,1137.0,1137.0,1137.0,1137.0,1137.0,1137.0,1137.0,1137.0,1137.0,1137.0,1137.0,1137.0,1137.0,1137.0,1137.0,1137.0,1137.0,1137.0,1137.0,1137.0,1137.0,1137.0,1137.0,1137.0,1137.0,1137.0,1137.0,1137.0,1137.0,1137.0,1137.0,1137.0,1137.0,1137.0,1137.0,1137.0,1137.0,1137.0,1137.0,1137.0,1137.0,1137.0,1137.0,1137.0,1137.0,1137.0,1137.0,1137.0,1137.0,1137.0,1137.0,1137.0,1137.0,1137.0,1137.0,1137.0,1137.0,1137.0,1137.0,1137.0,1137.0,1137.0,1137.0,1137.0,1137.0,1137.0,1137.0,1137.0,1137.0,1137.0,1137.0,1137.0,1137.0,1137.0,1137.0,1137.0,1137.0,1137.0,1137.0,1137.0,1137.0,1137.0,1137.0,1137.0,1137.0,1137.0,1137.0,1137.0,1137.0,1137.0,1137.0,1137.0,1137.0,1137.0,1137.0,1137.0,1137.0,1137.0,1137.0,1137.0,1137.0,1137.0,1137.0,1137.0,1137.0,1137.0,1137.0,1137.0,1137.0,1137.0,1137.0,1137.0,1137.0,1137.0,1137.0,1137.0,1137.0,1137.0,1137.0,1137.0,1137.0,1137.0,1137.0,1137.0,1137.0,1137.0,1137.0,1137.0,1137.0,1137.0,1137.0,1137.0,1137.0,1137.0,1137.0,1137.0,1137.0,1137.0,1137.0,1137.0,1137.0,1137.0,1137.0,1137.0,1137.0,1137.0,1137.0,1137.0,1137.0,1137.0,1137.0,1137.0,1137.0,1137.0,1137.0,1137.0,1137.0,1137.0,1137.0,1137.0,1137.0,1137.0,1137.0,1137.0,1137.0,1137.0,1137.0,1137.0,1137.0,1137.0,1137.0,1137.0,1137.0,1137.0,1137.0,1137.0,1137.0,1137.0,1137.0,1137.0,1137.0,1137.0,1137.0,1137.0,1137.0,1137.0,1137.0,1137.0,1137.0,1137.0,1137.0,1137.0,1137.0,1137.0,1137.0,1137.0,1137.0,1137.0,1137.0,1137.0,1137.0,1137.0,1137.0,1137.0,1137.0,1137.0,1137.0,1137.0,1137.0,1137.0,1137.0,1137.0,1137.0,1137.0,1137.0,1137.0,1137.0,1137.0,1137.0,1137.0,1137.0,1137.0,1137.0,1137.0,1137.0,1137.0,1137.0,1137.0,1137.0,1137.0,1137.0,1137.0,1137.0,1137.0,1137.0,1137.0,1137.0,1137.0,1137.0,1137.0,1137.0,1137.0,1137.0,1137.0,1137.0,1137.0,1137.0,1137.0,1137.0,1137.0,1137.0,1137.0,1137.0,1137.0,1137.0,1137.0,1137.0,1137.0,1137.0,1137.0,1137.0,1137.0,1137.0,1137.0,1137.0,1137.0,1137.0,1137.0,1137.0,1137.0,1137.0,1137.0,1137.0,1137.0,1137.0,1137.0,1137.0,1137.0,1137.0,1137.0,1137.0,1137.0,1137.0,1137.0,1137.0,1137.0,1137.0,1137.0,1137.0,1137.0,1137.0,1137.0,1137.0,1137.0,1137.0,1137.0,1137.0,1137.0,1137.0,1137.0,1137.0,1137.0,1137.0,1137.0,1137.0,1137.0,1137.0,1137.0,1137.0,1137.0,1137.0,1137.0,1137.0,1137.0,1137.0,1137.0,1137.0,1137.0,1137.0,1137.0,1137.0,1137.0,1137.0,1137.0,1137.0,1137.0,1137.0,1137.0,1137.0,1137.0,1137.0,1137.0,1137.0,1137.0,1137.0,1137.0,1137.0,1137.0,1137.0,1137.0,1137.0,1137.0,1137.0,1137.0,1137.0,1137.0,1137.0,1137.0,1137.0,1137.0,1137.0,1137.0,1137.0,1137.0,1137.0,1137.0,1137.0,1137.0,1137.0,1137.0,1137.0,1137.0,1137.0,1137.0,1137.0,1137.0,1137.0,1137.0,1137.0,1137.0,1137.0,1137.0,1137.0,1137.0,1137.0,1137.0,1137.0,1137.0,1137.0,1137.0,1137.0,1137.0,1137.0,1137.0,1137.0,1137.0,1137.0,1137.0,1137.0,1137.0,1137.0,1137.0,1137.0,1137.0,1137.0,1137.0,1137.0,1137.0,1137.0,1137.0,1137.0,1137.0,1137.0,1137.0,1137.0,1137.0,1137.0,1137.0,1137.0,1137.0,1137.0,1137.0,1137.0,1137.0,1137.0,1137.0,1137.0,1137.0,1137.0,1137.0,1137.0,1137.0,1137.0,1137.0,1137.0,1137.0,1137.0,1137.0,1137.0,1137.0,1137.0,1137.0,1137.0,1137.0,1137.0,1137.0,1137.0,1137.0,1137.0,1137.0,1137.0,1137.0,1137.0,1137.0,1137.0,1137.0,1137.0,1137.0,1137.0,1137.0,1137.0,1137.0,1137.0,1137.0,1137.0,1137.0,1137.0,1137.0,1137.0,1137.0,1137.0,1137.0,1137.0,1137.0,1137.0,1137.0,1137.0,1137.0,1137.0,1137.0,1137.0,1137.0,1137.0,1137.0,1137.0,1137.0,1137.0,1137.0,1137.0,1137.0,1137.0,1137.0,1137.0,1137.0,1137.0,1137.0,1137.0,1137.0,1137.0,1137.0,1137.0,1137.0,1137.0,1137.0,1137.0,1137.0,1137.0,1137.0,1137.0,1137.0,1137.0,1137.0,1137.0,1137.0,1137.0,1137.0,1137.0,1137.0,1137.0,1137.0,1137.0,1137.0,1137.0,1137.0,1137.0,1137.0,1137.0,1137.0,1137.0,1137.0,1137.0,1137.0,1137.0,1137.0,1137.0,1137.0,1137.0,1137.0,1137.0,1137.0,1137.0,1137.0,1137.0,1137.0,1137.0,1137.0,1137.0,1137.0,1137.0,1137.0,1137.0,1137.0,1137.0,1137.0,1137.0,1137.0,1137.0,1137.0,1137.0,1137.0,1137.0,1137.0,1137.0,1137.0,1137.0,1137.0,1137.0,1137.0,1137.0,1137.0,1137.0,1137.0,1137.0,1137.0,1137.0,1137.0,1137.0,1137.0,1137.0,1137.0,1137.0,1137.0,1137.0,1137.0,1137.0,1137.0,1137.0,1137.0,1137.0,1137.0,1137.0,1137.0,1137.0,1137.0,1137.0,1137.0,1137.0,1137.0,1137.0,1137.0,1137.0,1137.0,1137.0,1137.0,1137.0,1137.0,1137.0,1137.0,1137.0,1137.0,1137.0,1137.0,1137.0,1137.0,1137.0,1137.0,1137.0,1137.0,1137.0,1137.0,1137.0,1137.0,1137.0,1137.0,1137.0,1137.0,1137.0,1137.0,1137.0,1137.0,1137.0,1137.0,1137.0,1137.0,1137.0,1137.0,1137.0,1137.0,1137.0,1137.0,1137.0,1137.0,1137.0,1137.0,1137.0,1137.0,1137.0,1137.0,1137.0,1137.0,1137.0,1137.0,1137.0,1137.0,1137.0,1137.0,1137.0,1137.0,1137.0,1137.0,1137.0,1137.0,1137.0,1137.0,1137.0,1137.0,1137.0,1137.0,1137.0,1137.0,1137.0,1137.0,1137.0,1137.0,1137.0,1137.0,1137.0,1137.0,1137.0,1137.0,1137.0,1137.0,1137.0,1137.0,1137.0,1137.0,1137.0,1137.0,1137.0,1137.0,1137.0,1137.0,1137.0,1137.0,1137.0,1137.0,1137.0,1137.0,1137.0,1137.0,1137.0,1137.0,1137.0,1137.0,1137.0,1137.0,1137.0,1137.0,1137.0,1137.0,1137.0,1137.0,1137.0,1137.0,1137.0,1137.0,1137.0,1137.0,1137.0,1137.0,1137.0,1137.0,1137.0,1137.0,1137.0,1137.0,1137.0,1137.0,1137.0,1137.0,1137.0,1137.0,1137.0,1137.0,1137.0,1137.0,1137.0,1137.0,1137.0,1137.0,1137.0,1137.0,1137.0,1137.0,1137.0,1137.0,1137.0,1137.0,1137.0,1137.0,1137.0,1137.0,1137.0,1137.0,1137.0,1137.0,1137.0,1137.0,1137.0,1137.0,1137.0,1137.0,1137.0,1137.0,1137.0,1137.0,1137.0,1137.0,1137.0,1137.0,1137.0,1137.0,1137.0,1137.0,1137.0,1137.0,1137.0,1137.0,1137.0,1137.0,1137.0,1137.0,1137.0,1137.0,1137.0,1137.0,1137.0,1137.0,1137.0,1137.0,1137.0,1137.0,1137.0,1137.0,1137.0,1137.0,1137.0,1137.0,1137.0,1137.0,1137.0,1137.0,1137.0,1137.0,1137.0,1137.0,1137.0,1137.0,1137.0,1137.0,1137.0,1137.0,1137.0,1137.0,1137.0,1137.0,1137.0,1137.0,1137.0,1137.0,1137.0,1137.0,1137.0,1137.0,1137.0,1137.0,1137.0,1137.0,1137.0,1137.0,1137.0,1137.0,1137.0,1137.0,1137.0,1137.0,1137.0,1137.0,1137.0,1137.0,1137.0,1137.0,1137.0,1137.0,1137.0,1137.0,1137.0,1137.0,1137.0,1137.0,1137.0,1137.0,1137.0,1137.0,1137.0,1137.0,1137.0,1137.0,1137.0,1137.0,1137.0,1137.0,1137.0,1137.0,1137.0,1137.0,1137.0,1137.0,1137.0,1137.0,1137.0,1137.0,1137.0,1137.0,1137.0,1137.0,1137.0,1137.0,1137.0,1137.0,1137.0,1137.0,1137.0,1137.0,1137.0,1137.0,1137.0,1137.0,1137.0,1137.0,1137.0,1137.0,1137.0,1137.0,1137.0,1137.0,1137.0,1137.0,1137.0,1137.0,1137.0,1137.0,1137.0,1137.0,1137.0,1137.0,1137.0,1137.0,1137.0,1137.0,1137.0,1137.0,1137.0,1137.0,1137.0,1137.0,1137.0,1137.0,1137.0,1137.0,1137.0,1137.0,1137.0,1137.0,1137.0,1137.0,1137.0,1137.0,1137.0,1137.0,1137.0,1137.0,1137.0,1137.0,1137.0,1137.0,1137.0,1137.0,1137.0,1137.0,1137.0,1137.0,1137.0,1137.0,1137.0,1137.0,1137.0,1137.0,1137.0,1137.0,1137.0,1137.0,1137.0,1137.0,1137.0,1137.0,1137.0,1137.0,1137.0,1137.0,1137.0,1137.0,1137.0,1137.0,1137.0,1137.0,1137.0,1137.0,1137.0,1137.0,1137.0,1137.0,1137.0,1137.0,1137.0,1137.0,1137.0,1137.0,1137.0,1137.0,1137.0,1137.0,1137.0,1137.0,1137.0,1137.0,1137.0,1137.0,1137.0,1137.0,1137.0,1137.0,1137.0,1137.0,1137.0,1137.0,1137.0,1137.0,1137.0,1137.0,1137.0,1137.0,1137.0,1137.0,1137.0,1137.0,1137.0,1137.0,1137.0,1137.0,1137.0,1137.0,1137.0,1137.0,1137.0,1137.0,1137.0,1137.0,1137.0,1137.0,1137.0,1137.0,1137.0,1137.0,1137.0,1137.0,1137.0,1137.0,1137.0,1137.0,1137.0,1137.0,1137.0,1137.0,1137.0,1137.0,1137.0,1137.0,1137.0,1137.0,1137.0,1137.0,1137.0,1137.0,1137.0,1137.0,1137.0,1137.0,1137.0,1137.0,1137.0,1137.0,1137.0,1137.0,1137.0,1137.0,1137.0,1137.0,1137.0,1137.0,1137.0,1137.0,1137.0,1137.0,1137.0,1137.0,1137.0,1137.0,1137.0,1137.0,1137.0,1137.0,1137.0,1137.0,1137.0,1137.0,1137.0,1137.0,1137.0,1137.0,1137.0,1137.0,1137.0,1137.0,1137.0,1137.0,1137.0,1137.0,1137.0,1137.0,1137.0,1137.0,1137.0,1137.0,1137.0,1137.0,1137.0,1137.0,1137.0,1137.0,1137.0,1137.0,1137.0,1137.0,1137.0,1137.0,1137.0,1137.0,1137.0,1137.0,1137.0,1137.0,1137.0,1137.0,1137.0,1137.0,1137.0,1137.0,1137.0,1137.0,1137.0,1137.0,1137.0,1137.0,1137.0,1137.0,1137.0,1137.0,1137.0,1137.0,1137.0,1137.0,1137.0,1137.0,1137.0,1137.0,1137.0,1137.0,1137.0,1137.0,1137.0,1137.0,1137.0,1137.0,1137.0,1137.0,1137.0,1137.0,1137.0,1137.0,1137.0,1137.0,1137.0,1137.0,1137.0,1137.0,1137.0,1137.0,1137.0,1137.0,1137.0,1137.0,1137.0,1137.0,1137.0,1137.0,1137.0,1137.0,1137.0,1137.0,1137.0,1137.0,1137.0,1137.0,1137.0,1137.0,1137.0,1137.0,1137.0,1137.0,1137.0,1137.0,1137.0,1137.0,1137.0,1137.0,1137.0,1137.0,1137.0,1137.0,1137.0,1137.0,1137.0,1137.0,1137.0,1137.0,1137.0,1137.0,1137.0,1137.0,1137.0,1137.0,1137.0,1137.0,1137.0,1137.0,1137.0,1137.0,1137.0,1137.0,1137.0,1137.0,1137.0,1137.0,1137.0,1137.0,1137.0,1137.0,1137.0,1137.0,1137.0,1137.0,1137.0,1137.0,1137.0,1137.0,1137.0,1137.0,1137.0,1137.0,1137.0,1137.0,1137.0,1137.0,1137.0,1137.0,1137.0,1137.0,1137.0,1137.0,1137.0,1137.0,1137.0,1137.0,1137.0,1137.0,1137.0,1137.0,1137.0,1137.0,1137.0,1137.0,1137.0,1137.0,1137.0,1137.0,1137.0,1137.0,1137.0,1137.0,1137.0,1137.0,1137.0,1137.0,1137.0,1137.0,1137.0,1137.0,1137.0,1137.0,1137.0,1137.0,1137.0,1137.0,1137.0,1137.0,1137.0,1137.0,1137.0,1137.0,1137.0,1137.0,1137.0,1137.0,1137.0,1137.0,1137.0,1137.0,1137.0,1137.0,1137.0,1137.0,1137.0,1137.0,1137.0,1137.0,1137.0,1137.0,1137.0,1137.0,1137.0,1137.0,1137.0,1137.0,1137.0,1137.0,1137.0,1137.0,1137.0,1137.0,1137.0,1137.0,1137.0,1137.0,1137.0,1137.0,1137.0,1137.0,1137.0,1137.0,1137.0,1137.0,1137.0,1137.0,1137.0,1137.0,1137.0,1137.0,1137.0,1137.0,1137.0,1137.0,1137.0,1137.0,1137.0,1137.0,1137.0,1137.0,1137.0,1137.0,1137.0,1137.0,1137.0,1137.0,1137.0,1137.0,1137.0,1137.0,1137.0,1137.0,1137.0,1137.0,1137.0,1137.0,1137.0,1137.0,1137.0,1137.0,1137.0,1137.0,1137.0,1137.0,1137.0,1137.0,1137.0,1137.0,1137.0,1137.0,1137.0,1137.0,1137.0,1137.0,1137.0,1137.0,1137.0,1137.0,1137.0,1137.0,1137.0,1137.0,1137.0,1137.0,1137.0,1137.0,1137.0,1137.0,1137.0,1137.0,1137.0,1137.0,1137.0,1137.0,1137.0,1137.0,1137.0,1137.0,1137.0,1137.0,1137.0,1137.0,1137.0,1137.0,1137.0,1137.0,1137.0,1137.0,1137.0,1137.0,1137.0,1137.0,1137.0,1137.0,1137.0,1137.0,1137.0,1137.0,1137.0,1137.0,1137.0,1137.0,1137.0,1137.0,1137.0,1137.0,1137.0,1137.0,1137.0,1137.0,1137.0,1137.0,1137.0,1137.0,1137.0,1137.0,1137.0,1137.0,1137.0,1137.0,1137.0,1137.0,1137.0,1137.0,1137.0,1137.0,1137.0,1137.0,1137.0,1137.0,1137.0,1137.0,1137.0,1137.0,1137.0,1137.0,1137.0,1137.0,1137.0,1137.0,1137.0,1137.0,1137.0,1137.0,1137.0,1137.0,1137.0,1137.0,1137.0,1137.0,1137.0,1137.0,1137.0,1137.0,1137.0,1137.0,1137.0,1137.0,1137.0,1137.0,1137.0,1137.0,1137.0,1137.0,1137.0,1137.0,1137.0,1137.0,1137.0,1137.0,1137.0,1137.0,1137.0,1137.0,1137.0,1137.0,1137.0,1137.0,1137.0,1137.0,1137.0,1137.0,1137.0,1137.0,1137.0,1137.0,1137.0,1137.0,1137.0,1137.0,1137.0,1137.0,1137.0,1137.0,1137.0,1137.0,1137.0,1137.0,1137.0,1137.0,1137.0,1137.0,1137.0,1137.0,1137.0,1137.0,1137.0,1137.0,1137.0,1137.0,1137.0,1137.0,1137.0,1137.0,1137.0,1137.0,1137.0,1137.0,1137.0,1137.0,1137.0,1137.0,1137.0,1137.0,1137.0,1137.0,1137.0,1137.0,1137.0,1137.0,1137.0,1137.0,1137.0,1137.0,1137.0,1137.0,1137.0,1137.0,1137.0,1137.0,1137.0,1137.0,1137.0,1137.0,1137.0,1137.0,1137.0,1137.0,1137.0,1137.0,1137.0,1137.0,1137.0,1137.0,1137.0,1137.0,1137.0,1137.0,1137.0,1137.0,1137.0,1137.0,1137.0,1137.0,1137.0,1137.0,1137.0,1137.0,1137.0,1137.0,1137.0,1137.0,1137.0,1137.0,1137.0,1137.0,1137.0,1137.0,1137.0,1137.0,1137.0,1137.0,1137.0,1137.0,1137.0,1137.0,1137.0,1137.0,1137.0,1137.0,1137.0,1137.0,1137.0,1137.0,1137.0,1137.0,1137.0,1137.0,1137.0,1137.0,1137.0,1137.0,1137.0,1137.0,1137.0,1137.0,1137.0,1137.0,1137.0,1137.0,1137.0,1137.0,1137.0,1137.0,1137.0,1137.0,1137.0,1137.0,1137.0,1137.0,1137.0,1137.0,1137.0,1137.0,1137.0,1137.0,1137.0,1137.0,1137.0,1137.0,1137.0,1137.0,1137.0,1137.0,1137.0,1137.0,1137.0,1137.0,1137.0,1137.0,1137.0,1137.0,1137.0,1137.0,1137.0,1137.0,1137.0,1137.0,1137.0,1137.0,1137.0,1137.0,1137.0,1137.0,1137.0,1137.0,1137.0,1137.0,1137.0,1137.0,1137.0,1137.0,1137.0,1137.0,1137.0,1137.0,1137.0,1137.0,1137.0,1137.0,1137.0,1137.0,1137.0,1137.0,1137.0,1137.0,1137.0,1137.0,1137.0,1137.0,1137.0,1137.0,1137.0,1137.0,1137.0,1137.0,1137.0,1137.0,1137.0,1137.0,1137.0,1137.0,1137.0,1137.0,1137.0,1137.0,1137.0,1137.0,1137.0,1137.0,1137.0,1137.0,1137.0,1137.0,1137.0,1137.0,1137.0,1137.0,1137.0,1137.0,1137.0,1137.0,1137.0,1137.0,1137.0,1137.0,1137.0,1137.0,1137.0,1137.0,1137.0,1137.0,1137.0,1137.0,1137.0,1137.0,1137.0,1137.0,1137.0,1137.0,1137.0,1137.0,1137.0,1137.0,1137.0,1137.0,1137.0,1137.0,1137.0,1137.0,1137.0,1137.0,1137.0,1137.0,1137.0,1137.0,1137.0,1137.0,1137.0,1137.0,1137.0,1137.0,1137.0,1137.0,1137.0,1137.0,1137.0,1137.0,1137.0,1137.0,1137.0,1137.0,1137.0,1137.0,1137.0,1137.0,1137.0,1137.0,1137.0,1137.0,1137.0,1137.0,1137.0,1137.0,1137.0,1137.0,1137.0,1137.0,1137.0,1137.0,1137.0,1137.0,1137.0,1137.0,1137.0,1137.0,1137.0,1137.0,1137.0,1137.0,1137.0,1137.0,1137.0,1137.0,1137.0,1137.0,1137.0,1137.0,1137.0,1137.0,1137.0,1137.0,1137.0,1137.0,1137.0,1137.0,1137.0,1137.0,1137.0,1137.0,1137.0,1137.0,1137.0,1137.0,1137.0,1137.0,1137.0,1137.0,1137.0,1137.0,1137.0,1137.0,1137.0,1137.0,1137.0,1137.0,1137.0,1137.0,1137.0,1137.0,1137.0,1137.0,1137.0,1137.0,1137.0,1137.0,1137.0,1137.0,1137.0,1137.0,1137.0,1137.0,1137.0,1137.0,1137.0,1137.0,1137.0,1137.0,1137.0,1137.0,1137.0,1137.0,1137.0,1137.0,1137.0,1137.0,1137.0,1137.0,1137.0,1137.0,1137.0,1137.0,1137.0,1137.0,1137.0,1137.0,1137.0,1137.0,1137.0,1137.0,1137.0,1137.0,1137.0,1137.0,1137.0,1137.0,1137.0,1137.0,1137.0,1137.0,1137.0,1137.0,1137.0,1137.0,1137.0,1137.0,1137.0,1137.0,1137.0,1137.0,1137.0,1137.0,1137.0,1137.0,1137.0,1137.0,1137.0,1137.0,1137.0,1137.0,1137.0,1137.0,1137.0,1137.0,1137.0,1137.0,1137.0,1137.0,1137.0,1137.0,1137.0,1137.0,1137.0,1137.0,1137.0,1137.0,1137.0,1137.0,1137.0,1137.0,1137.0,1137.0,1137.0,1137.0,1137.0,1137.0,1137.0,1137.0,1137.0,1137.0,1137.0,1137.0,1137.0,1137.0,1137.0,1137.0,1137.0,1137.0,1137.0,1137.0,1137.0,1137.0,1137.0,1137.0,1137.0,1137.0,1137.0,1137.0,1137.0,1137.0,1137.0,1137.0,1137.0,1137.0,1137.0,1137.0,1137.0,1137.0,1137.0,1137.0,1137.0,1137.0,1137.0,1137.0,1137.0,1137.0,1137.0,1137.0,1137.0,1137.0,1137.0,1137.0,1137.0,1137.0,1137.0,1137.0,1137.0,1137.0,1137.0,1137.0,1137.0,1137.0,1137.0,1137.0,1137.0,1137.0,1137.0,1137.0,1137.0,1137.0,1137.0,1137.0,1137.0,1137.0,1137.0,1137.0,1137.0,1137.0,1137.0,1137.0,1137.0,1137.0,1137.0,1137.0,1137.0,1137.0,1137.0,1137.0,1137.0,1137.0,1137.0,1137.0,1137.0,1137.0,1137.0,1137.0,1137.0,1137.0,1137.0,1137.0,1137.0,1137.0,1137.0,1137.0,1137.0,1137.0,1137.0,1137.0,1137.0,1137.0,1137.0,1137.0,1137.0,1137.0,1137.0,1137.0,1137.0,1137.0,1137.0,1137.0,1137.0,1137.0,1137.0,1137.0,1137.0,1137.0,1137.0,1137.0,1137.0,1137.0,1137.0,1137.0,1137.0,1137.0,1137.0,1137.0,1137.0,1137.0,1137.0,1137.0,1137.0,1137.0,1137.0,1137.0,1137.0,1137.0,1137.0,1137.0,1137.0,1137.0,1137.0,1137.0,1137.0,1137.0,1137.0,1137.0,1137.0,1137.0,1137.0,1137.0,1137.0,1137.0,1137.0,1137.0,1137.0,1137.0,1137.0,1137.0,1137.0,1137.0,1137.0,1137.0,1137.0,1137.0,1137.0,1137.0,1137.0,1137.0,1137.0,1137.0,1137.0,1137.0,1137.0,1137.0,1137.0,1137.0,1137.0,1137.0,1137.0,1137.0,1137.0,1137.0,1137.0,1137.0,1137.0,1137.0,1137.0,1137.0,1137.0,1137.0,1137.0,1137.0,1137.0,1137.0,1137.0,1137.0,1137.0,1137.0,1137.0,1137.0,1137.0,1137.0,1137.0,1137.0,1137.0,1137.0,1137.0,1137.0,1137.0,1137.0,1137.0,1137.0,1137.0,1137.0,1137.0,1137.0,1137.0,1137.0,1137.0,1137.0,1137.0,1137.0,1137.0,1137.0,1137.0,1137.0,1137.0,1137.0,1137.0,1137.0,1137.0,1137.0,1137.0,1137.0,1137.0,1137.0,1137.0,1137.0,1137.0,1137.0,1137.0,1137.0,1137.0,1137.0,1137.0,1137.0,1137.0,1137.0,1137.0,1137.0,1137.0,1137.0,1137.0,1137.0,1137.0,1137.0,1137.0,1137.0,1137.0,1137.0,1137.0,1137.0,1137.0,1137.0,1137.0,1137.0,1137.0,1137.0,1137.0,1137.0,1137.0,1137.0,1137.0,1137.0,1137.0,1137.0,1137.0,1137.0,1137.0,1137.0,1137.0,1137.0,1137.0,1137.0,1137.0,1137.0,1137.0,1137.0,1137.0,1137.0,1137.0,1137.0,1137.0,1137.0,1137.0,1137.0,1137.0,1137.0,1137.0,1137.0,1137.0,1137.0,1137.0,1137.0,1137.0,1137.0,1137.0,1137.0,1137.0,1137.0,1137.0,1137.0,1137.0,1137.0,1137.0,1137.0,1137.0,1137.0,1137.0,1137.0,1137.0,1137.0,1137.0,1137.0,1137.0,1137.0,1137.0,1137.0,1137.0,1137.0,1137.0,1137.0,1137.0,1137.0,1137.0,1137.0,1137.0,1137.0,1137.0,1137.0,1137.0,1137.0,1137.0,1137.0,1137.0,1137.0,1137.0,1137.0,1137.0,1137.0,1137.0,1137.0,1137.0,1137.0,1137.0,1137.0,1137.0,1137.0,1137.0,1137.0,1137.0,1137.0,1137.0,1137.0,1137.0,1137.0,1137.0,1137.0,1137.0,1137.0,1137.0,1137.0,1137.0,1137.0,1137.0,1137.0,1137.0,1137.0,1137.0,1137.0,1137.0,1137.0,1137.0,1137.0,1137.0,1137.0,1137.0,1137.0,1137.0,1137.0,1137.0,1137.0,1137.0,1137.0,1137.0,1137.0,1137.0,1137.0,1137.0,1137.0,1137.0,1137.0,1137.0,1137.0,1137.0,1137.0,1137.0,1137.0,1137.0,1137.0,1137.0,1137.0,1137.0,1137.0,1137.0,1137.0,1137.0,1137.0,1137.0,1137.0,1137.0,1137.0,1137.0,1137.0,1137.0,1137.0,1137.0,1137.0,1137.0,1137.0,1137.0,1137.0,1137.0,1137.0,1137.0,1137.0,1137.0,1137.0,1137.0,1137.0,1137.0,1137.0,1137.0,1137.0,1137.0,1137.0,1137.0,1137.0,1137.0,1137.0,1137.0,1137.0,1137.0,1137.0,1137.0,1137.0,1137.0,1137.0,1137.0,1137.0,1137.0,1137.0,1137.0,1137.0,1137.0,1137.0,1137.0,1137.0,1137.0,1137.0,1137.0,1137.0,1137.0,1137.0,1137.0,1137.0,1137.0,1137.0,1137.0,1137.0,1137.0,1137.0,1137.0,1137.0,1137.0,1137.0,1137.0,1137.0,1137.0,1137.0,1137.0,1137.0,1137.0,1137.0,1137.0,1137.0,1137.0,1137.0,1137.0,1137.0,1137.0,1137.0,1137.0,1137.0,1137.0,1137.0,1137.0,1137.0,1137.0,1137.0,1137.0,1137.0,1137.0,1137.0,1137.0,1137.0,1137.0,1137.0,1137.0,1137.0,1137.0,1137.0,1137.0,1137.0,1137.0,1137.0,1137.0,1137.0,1137.0,1137.0,1137.0,1137.0,1137.0,1137.0,1137.0,1137.0,1137.0,1137.0,1137.0,1137.0,1137.0,1137.0,1137.0,1137.0,1137.0,1137.0,1137.0,1137.0,1137.0,1137.0,1137.0,1137.0,1137.0,1137.0,1137.0,1137.0,1137.0,1137.0,1137.0,1137.0,1137.0,1137.0,1137.0,1137.0,1137.0,1137.0,1137.0,1137.0,1137.0,1137.0,1137.0,1137.0,1137.0,1137.0,1137.0,1137.0,1137.0,1137.0,1137.0,1137.0,1137.0,1137.0,1137.0,1137.0,1137.0,1137.0,1137.0,1137.0,1137.0,1137.0,1137.0,1137.0,1137.0,1137.0,1137.0,1137.0,1137.0,1137.0,1137.0,1137.0,1137.0,1137.0,1137.0,1137.0,1137.0,1137.0,1137.0,1137.0,1137.0,1137.0,1137.0,1137.0,1137.0,1137.0,1137.0,1137.0,1137.0,1137.0,1137.0,1137.0,1137.0,1137.0,1137.0,1137.0,1137.0,1137.0,1137.0,1137.0,1137.0,1137.0,1137.0,1137.0,1137.0,1137.0,1137.0,1137.0,1137.0,1137.0,1137.0,1137.0,1137.0,1137.0,1137.0,1137.0,1137.0,1137.0,1137.0,1137.0,1137.0,1137.0,1137.0,1137.0,1137.0,1137.0,1137.0,1137.0,1137.0,1137.0,1137.0,1137.0,1137.0,1137.0,1137.0,1137.0,1137.0,1137.0,1137.0,1137.0,1137.0,1137.0,1137.0,1137.0,1137.0,1137.0,1137.0,1137.0,1137.0,1137.0,1137.0,1137.0,1137.0,1137.0,1137.0,1137.0,1137.0,1137.0,1137.0,1137.0,1137.0,1137.0,1137.0,1137.0,1137.0,1137.0,1137.0,1137.0,1137.0,1137.0,1137.0,1137.0,1137.0,1137.0,1137.0,1137.0,1137.0,1137.0,1137.0,1137.0,1137.0,1137.0,1137.0,1137.0,1137.0,1137.0,1137.0,1137.0,1137.0,1137.0,1137.0,1137.0,1137.0,1137.0,1137.0,1137.0,1137.0,1137.0,1137.0,1137.0,1137.0,1137.0,1137.0,1137.0,1137.0,1137.0,1137.0,1137.0,1137.0,1137.0,1137.0,1137.0,1137.0,1137.0,1137.0,1137.0,1137.0,1137.0,1137.0,1137.0,1137.0,1137.0,1137.0,1137.0,1137.0,1137.0,1137.0,1137.0,1137.0,1137.0,1137.0,1137.0,1137.0,1137.0,1137.0,1137.0,1137.0,1137.0,1137.0,1137.0,1137.0,1137.0,1137.0,1137.0,1137.0,1137.0,1137.0,1137.0,1137.0,1137.0,1137.0,1137.0,1137.0,1137.0,1137.0,1137.0,1137.0,1137.0,1137.0,1137.0,1137.0,1137.0,1137.0,1137.0,1137.0,1137.0,1137.0,1137.0,1137.0,1137.0,1137.0,1137.0,1137.0,1137.0,1137.0,1137.0,1137.0,1137.0,1137.0,1137.0,1137.0,1137.0,1137.0,1137.0,1137.0,1137.0,1137.0,1137.0,1137.0,1137.0,1137.0,1137.0,1137.0,1137.0,1137.0,1137.0,1137.0,1137.0,1137.0,1137.0,1137.0,1137.0,1137.0,1137.0,1137.0,1137.0,1137.0,1137.0,1137.0,1137.0,1137.0,1137.0,1137.0,1137.0,1137.0,1137.0,1137.0,1137.0,1137.0,1137.0,1137.0,1137.0,1137.0,1137.0,1137.0,1137.0,1137.0,1137.0,1137.0,1137.0,1137.0,1137.0,1137.0,1137.0,1137.0,1137.0,1137.0,1137.0,1137.0,1137.0,1137.0,1137.0,1137.0,1137.0,1137.0,1137.0,1137.0,1137.0,1137.0,1137.0,1137.0,1137.0,1137.0,1137.0,1137.0,1137.0,1137.0,1137.0,1137.0,1137.0,1137.0,1137.0,1137.0,1137.0,1137.0,1137.0,1137.0,1137.0,1137.0,1137.0,1137.0,1137.0,1137.0,1137.0,1137.0,1137.0,1137.0,1137.0,1137.0,1137.0,1137.0,1137.0,1137.0,1137.0,1137.0,1137.0,1137.0,1137.0,1137.0,1137.0,1137.0,1137.0,1137.0,1137.0,1137.0,1137.0,1137.0,1137.0,1137.0,1137.0,1137.0,1137.0,1137.0,1137.0,1137.0,1137.0,1137.0,1137.0,1137.0,1137.0,1137.0,1137.0,1137.0,1137.0,1137.0,1137.0,1137.0,1137.0,1137.0,1137.0,1137.0,1137.0,1137.0,1137.0,1137.0,1137.0,1137.0,1137.0,1137.0,1137.0,1137.0,1137.0,1137.0,1137.0,1137.0,1137.0,1137.0,1137.0,1137.0,1137.0,1137.0,1137.0,1137.0,1137.0,1137.0,1137.0,1137.0,1137.0,1137.0,1137.0,1137.0,1137.0,1137.0,1137.0,1137.0,1137.0,1137.0,1137.0,1137.0,1137.0,1137.0,1137.0,1137.0,1137.0,1137.0,1137.0,1137.0,1137.0,1137.0,1137.0,1137.0,1137.0,1137.0,1137.0,1137.0,1137.0,1137.0,1137.0,1137.0,1137.0,1137.0,1137.0,1137.0,1137.0,1137.0,1137.0,1137.0,1137.0,1137.0,1137.0,1137.0,1137.0,1137.0,1137.0,1137.0,1137.0,1137.0,1137.0,1137.0,1137.0,1137.0,1137.0,1137.0,1137.0,1137.0,1137.0,1137.0,1137.0,1137.0,1137.0,1137.0,1137.0,1137.0,1137.0,1137.0,1137.0,1137.0,1137.0,1137.0,1137.0,1137.0,1137.0,1137.0,1137.0,1137.0,1137.0,1137.0,1137.0,1137.0,1137.0,1137.0,1137.0,1137.0,1137.0,1137.0,1137.0,1137.0,1137.0,1137.0,1137.0,1137.0,1137.0,1137.0,1137.0,1137.0,1137.0,1137.0,1137.0,1137.0,1137.0,1137.0,1137.0,1137.0,1137.0,1137.0,1137.0,1137.0,1137.0,1137.0,1137.0,1137.0,1137.0,1137.0,1137.0,1137.0,1137.0,1137.0,1137.0,1137.0,1137.0,1137.0,1137.0,1137.0,1137.0,1137.0,1137.0,1137.0,1137.0,1137.0,1137.0,1137.0,1137.0,1137.0,1137.0,1137.0,1137.0,1137.0,1137.0,1137.0,1137.0,1137.0,1137.0,1137.0,1137.0,1137.0,1137.0,1137.0,1137.0,1137.0,1137.0,1137.0,1137.0,1137.0,1137.0,1137.0,1137.0,1137.0,1137.0,1137.0,1137.0,1137.0,1137.0,1137.0,1137.0,1137.0,1137.0,1137.0,1137.0,1137.0,1137.0,1137.0,1137.0,1137.0,1137.0,1137.0,1137.0,1137.0,1137.0,1137.0,1137.0,1137.0,1137.0,1137.0,1137.0,1137.0,1137.0,1137.0,1137.0,1137.0,1137.0,1137.0,1137.0,1137.0,1137.0,1137.0,1137.0,1137.0,1137.0,1137.0,1137.0,1137.0,1137.0,1137.0,1137.0,1137.0,1137.0,1137.0,1137.0,1137.0,1137.0,1137.0,1137.0,1137.0,1137.0,1137.0,1137.0,1137.0,1137.0,1137.0,1137.0,1137.0,1137.0,1137.0,1137.0,1137.0,1137.0,1137.0,1137.0,1137.0,1137.0,1137.0,1137.0,1137.0,1137.0,1137.0,1137.0,1137.0,1137.0,1137.0,1137.0,1137.0,1137.0,1137.0,1137.0,1137.0,1137.0,1137.0,1137.0,1137.0,1137.0,1137.0,1137.0,1137.0,1137.0,1137.0,1137.0,1137.0,1137.0,1137.0,1137.0,1137.0,1137.0,1137.0,1137.0,1137.0,1137.0,1137.0,1137.0,1137.0,1137.0,1137.0,1137.0,1137.0,1137.0,1137.0,1137.0,1137.0,1137.0,1137.0,1137.0,1137.0,1137.0,1137.0,1137.0,1137.0,1137.0,1137.0,1137.0,1137.0,1137.0,1137.0,1137.0,1137.0,1137.0,1137.0,1137.0,1137.0,1137.0,1137.0,1137.0,1137.0,1137.0,1137.0,1137.0,1137.0,1137.0,1137.0,1137.0,1137.0,1137.0,1137.0,1137.0,1137.0,1137.0,1137.0,1137.0,1137.0,1137.0,1137.0,1137.0,1137.0,1137.0,1137.0,1137.0,1137.0,1137.0,1137.0,1137.0,1137.0,1137.0,1137.0,1137.0,1137.0,1137.0,1137.0,1137.0,1137.0,1137.0,1137.0,1137.0,1137.0,1137.0,1137.0,1137.0,1137.0,1137.0,1137.0,1137.0,1137.0,1137.0,1137.0,1137.0,1137.0,1137.0,1137.0,1137.0,1137.0,1137.0,1137.0,1137.0,1137.0,1137.0,1137.0,1137.0,1137.0,1137.0,1137.0,1137.0,1137.0,1137.0,1137.0,1137.0,1137.0,1137.0,1137.0,1137.0,1137.0,1137.0,1137.0,1137.0,1137.0,1137.0,1137.0,1137.0,1137.0,1137.0,1137.0,1137.0,1137.0,1137.0,1137.0,1137.0,1137.0,1137.0,1137.0,1137.0,1137.0,1137.0,1137.0,1137.0,1137.0,1137.0,1137.0,1137.0,1137.0,1137.0,1137.0,1137.0,1137.0,1137.0,1137.0,1137.0,1137.0,1137.0,1137.0,1137.0,1137.0,1137.0,1137.0,1137.0,1137.0,1137.0,1137.0,1137.0,1137.0,1137.0,1137.0,1137.0,1137.0,1137.0,1137.0,1137.0,1137.0,1137.0,1137.0,1137.0,1137.0,1137.0,1137.0,1137.0,1137.0,1137.0,1137.0,1137.0,1137.0,1137.0,1137.0,1137.0,1137.0,1137.0,1137.0,1137.0,1137.0,1137.0,1137.0,1137.0,1137.0,1137.0,1137.0,1137.0,1137.0,1137.0,1137.0,1137.0,1137.0,1137.0,1137.0,1137.0,1137.0,1137.0,1137.0,1137.0,1137.0,1137.0,1137.0,1137.0,1137.0,1137.0,1137.0,1137.0,1137.0,1137.0,1137.0,1137.0,1137.0,1137.0,1137.0,1137.0,1137.0,1137.0,1137.0,1137.0,1137.0,1137.0,1137.0,1137.0,1137.0,1137.0,1137.0,1137.0,1137.0,1137.0,1137.0,1137.0,1137.0,1137.0,1137.0,1137.0,1137.0,1137.0,1137.0,1137.0,1137.0,1137.0,1137.0,1137.0,1137.0,1137.0,1137.0,1137.0,1137.0,1137.0,1137.0,1137.0,1137.0,1137.0,1137.0,1137.0,1137.0,1137.0,1137.0,1137.0,1137.0,1137.0,1137.0,1137.0,1137.0,1137.0,1137.0,1137.0,1137.0,1137.0,1137.0,1137.0,1137.0,1137.0,1137.0,1137.0,1137.0,1137.0,1137.0,1137.0,1137.0,1137.0,1137.0,1137.0,1137.0,1137.0,1137.0,1137.0,1137.0,1137.0,1137.0,1137.0,1137.0,1137.0,1137.0,1137.0,1137.0,1137.0,1137.0,1137.0,1137.0,1137.0,1137.0,1137.0,1137.0,1137.0,1137.0,1137.0,1137.0,1137.0,1137.0,1137.0,1137.0,1137.0,1137.0,1137.0,1137.0,1137.0,1137.0,1137.0,1137.0,1137.0,1137.0,1137.0,1137.0,1137.0,1137.0,1137.0,1137.0,1137.0,1137.0,1137.0,1137.0,1137.0,1137.0,1137.0,1137.0,1137.0,1137.0,1137.0,1137.0,1137.0,1137.0,1137.0,1137.0,1137.0,1137.0,1137.0,1137.0,1137.0,1137.0,1137.0,1137.0,1137.0,1137.0,1137.0,1137.0,1137.0,1137.0,1137.0,1137.0,1137.0,1137.0,1137.0,1137.0,1137.0,1137.0,1137.0,1137.0,1137.0,1137.0,1137.0,1137.0,1137.0,1137.0,1137.0,1137.0,1137.0,1137.0,1137.0,1137.0,1137.0,1137.0,1137.0,1137.0,1137.0,1137.0,1137.0,1137.0,1137.0,1137.0,1137.0,1137.0,1137.0,1137.0,1137.0,1137.0,1137.0,1137.0,1137.0,1137.0,1137.0,1137.0,1137.0,1137.0,1137.0,1137.0,1137.0,1137.0,1137.0,1137.0,1137.0,1137.0,1137.0,1137.0,1137.0,1137.0,1137.0,1137.0,1137.0,1137.0,1137.0,1137.0,1137.0,1137.0,1137.0,1137.0,1137.0,1137.0,1137.0,1137.0,1137.0,1137.0,1137.0,1137.0,1137.0,1137.0,1137.0,1137.0,1137.0,1137.0,1137.0,1137.0,1137.0,1137.0,1137.0,1137.0,1137.0,1137.0,1137.0,1137.0,1137.0,1137.0,1137.0,1137.0,1137.0,1137.0,1137.0,1137.0,1137.0,1137.0,1137.0,1137.0,1137.0,1137.0,1137.0,1137.0,1137.0,1137.0,1137.0,1137.0,1137.0,1137.0,1137.0,1137.0,1137.0,1137.0,1137.0,1137.0,1137.0,1137.0,1137.0,1137.0,1137.0,1137.0,1137.0,1137.0,1137.0,1137.0,1137.0,1137.0,1137.0,1137.0,1137.0,1137.0,1137.0,1137.0,1137.0,1137.0,1137.0,1137.0,1137.0,1137.0,1137.0,1137.0,1137.0,1137.0,1137.0,1137.0,1137.0,1137.0,1137.0,1137.0,1137.0,1137.0,1137.0,1137.0,1137.0,1137.0,1137.0,1137.0,1137.0,1137.0,1137.0,1137.0,1137.0,1137.0,1137.0,1137.0,1137.0,1137.0,1137.0,1137.0,1137.0,1137.0,1137.0,1137.0,1137.0,1137.0,1137.0,1137.0,1137.0,1137.0,1137.0,1137.0,1137.0,1137.0,1137.0,1137.0,1137.0,1137.0,1137.0,1137.0,1137.0,1137.0,1137.0,1137.0,1137.0,1137.0,1137.0,1137.0,1137.0,1137.0,1137.0,1137.0,1137.0,1137.0,1137.0,1137.0,1137.0,1137.0,1137.0,1137.0,1137.0,1137.0,1137.0,1137.0,1137.0,1137.0,1137.0,1137.0,1137.0,1137.0,1137.0,1137.0,1137.0,1137.0,1137.0,1137.0,1137.0,1137.0,1137.0,1137.0,1137.0,1137.0,1137.0,1137.0,1137.0,1137.0,1137.0,1137.0,1137.0,1137.0,1137.0,1137.0,1137.0,1137.0,1137.0,1137.0,1137.0,1137.0,1137.0,1137.0,1137.0,1137.0,1137.0,1137.0,1137.0,1137.0,1137.0,1137.0,1137.0,1137.0,1137.0,1137.0,1137.0,1137.0,1137.0,1137.0,1137.0,1137.0,1137.0,1137.0,1137.0,1137.0,1137.0,1137.0,1137.0,1137.0,1137.0,1137.0,1137.0,1137.0,1137.0,1137.0,1137.0,1137.0,1137.0,1137.0,1137.0,1137.0,1137.0,1137.0,1137.0,1137.0,1137.0,1137.0,1137.0,1137.0,1137.0,1137.0,1137.0,1137.0,1137.0,1137.0,1137.0,1137.0,1137.0,1137.0,1137.0,1137.0,1137.0,1137.0,1137.0,1137.0,1137.0,1137.0,1137.0,1137.0,1137.0,1137.0,1137.0,1137.0,1137.0,1137.0,1137.0,1137.0,1137.0,1137.0,1137.0,1137.0,1137.0,1137.0,1137.0,1137.0,1137.0,1137.0,1137.0,1137.0,1137.0,1137.0,1137.0,1137.0,1137.0,1137.0,1137.0,1137.0,1137.0,1137.0,1137.0,1137.0,1137.0,1137.0,1137.0,1137.0,1137.0,1137.0,1137.0,1137.0,1137.0,1137.0,1137.0,1137.0,1137.0,1137.0,1137.0,1137.0,1137.0,1137.0,1137.0,1137.0,1137.0,1137.0,1137.0,1137.0,1137.0,1137.0,1137.0,1137.0,1137.0,1137.0,1137.0,1137.0,1137.0,1137.0,1137.0,1137.0,1137.0,1137.0,1137.0,1137.0,1137.0,1137.0,1137.0,1137.0,1137.0,1137.0,1137.0,1137.0,1137.0,1137.0,1137.0,1137.0,1137.0,1137.0,1137.0,1137.0,1137.0,1137.0,1137.0,1137.0,1137.0,1137.0,1137.0,1137.0,1137.0,1137.0,1137.0,1137.0,1137.0,1137.0,1137.0,1137.0,1137.0,1137.0,1137.0,1137.0,1137.0,1137.0,1137.0,1137.0,1137.0,1137.0,1137.0,1137.0,1137.0,1137.0,1137.0,1137.0,1137.0,1137.0,1137.0,1137.0,1137.0,1137.0,1137.0,1137.0,1137.0,1137.0,1137.0,1137.0,1137.0,1137.0,1137.0,1137.0,1137.0,1137.0,1137.0,1137.0,1137.0,1137.0,1137.0,1137.0,1137.0,1137.0,1137.0,1137.0,1137.0,1137.0,1137.0,1137.0,1137.0,1137.0,1137.0,1137.0,1137.0,1137.0,1137.0,1137.0,1137.0,1137.0,1137.0,1137.0,1137.0,1137.0,1137.0,1137.0,1137.0,1137.0,1137.0,1137.0,1137.0,1137.0,1137.0,1137.0,1137.0,1137.0,1137.0,1137.0,1137.0,1137.0,1137.0,1137.0,1137.0,1137.0,1137.0,1137.0,1137.0,1137.0,1137.0,1137.0,1137.0,1137.0,1137.0,1137.0,1137.0,1137.0,1137.0,1137.0,1137.0,1137.0,1137.0,1137.0,1137.0,1137.0,1137.0,1137.0,1137.0,1137.0,1137.0,1137.0,1137.0,1137.0,1137.0,1137.0,1137.0,1137.0,1137.0,1137.0,1137.0,1137.0,1137.0,1137.0,1137.0,1137.0,1137.0,1137.0,1137.0,1137.0,1137.0,1137.0
14663.0,,,,,,,,,,,,,,,,,,,,,,,,,,,,,,,,,,,,,,,,,,,,,,,,,,,,,,,3554.0,,,,4300.0,,,,,,2972.0,,,,,,,,,,,,,,17956.0,,,,,,,,13171.0,,,,,,8769.0,,,,,,,,,,,,10020.0,,,,,,,,,4564.0,,,,,,,,,,,,,,,,,,,,,,,,,,,,,,,,,,,,,,,,,,,17956.0,,,,,,,,,,,,,,,,,,,,,,,,,,,,,,,,,,,,,,,,,,,,,,,,,,,,,,,,,,,,,,,,,,,,,,2275.0,,2008.0,,,,,,,,,,,,,,,,,,,,,,,,,,,,,,,,,,,,,,,,,,,,,,,,,,,,,,,,,,,,,,,1315.0,,,1933.0,,,,,,,,,,14598.0,,,,,,,,,,,,,5133.0,,,,,,,,,,,,,,,,,,,,,,,,,1766.0,,,,,,,,,,,,,,,,,,,,,4100.0,,,,,,,,,,,,,,,,,,,,,,17800.0,,,,,,,,,,,,,,,,,,,,,,,,,,,,,,,,,5544.0,,1275.0,,,,,,,,,,15744.0,,,,,,,,,,,,,,,,,,,,,,,,,,,,,,,,,,,,,,,2715.0,,,,,,,,,,,,17778.0,,,,,,,,,,,,,,,,,,,4501.0,,,,,,,,,,,,,,,,,,,,,,,,,,,,,,,,,,,,,,,,,,,,,,,,,,,,,,,,,,,,,,3554.0,,,,,,,,,,,,,,,,,,,,,,,,,,,,,,,,4225.0,,,,,,,,12293.0,,,3159.0,,,,,,,,,,,,,,,2715.0,,,,,,,,,,,,,,,,,2174.0,,,2670.0,,,,,,,,,,,2715.0,,,,,,,,,,,1833.0,2275.0,,,,,8219.0,,,,,,,,,,,,,,,,,,,,,,,2381.0,,,,,,,,,,,,,,,,,,,,,,,,,,,,,,,,,,,,,,,,,,,,,,,,,,,,,,,3159.0,,,,,,,,,,,10603.0,,,,,,,,14110.0,,,,,6716.0,,,,,3554.0,,,,,,,11972.0,5544.0,,,,,,,,,,,,,,,,,,,5292.0,,,2008.0,,,,,,14768.0,,,,,,,,,,,,,,,,,,,,,,,,,,,,,,,,,,,,,,,,,,,,,,5882.0,,,,,,,,17800.0,,,4501.0,,,,,,,,,,,1153.0,,,,,,,,,,,,,,,,,,,,,,,,,,,,,,,,,,,,,,,,,,,,,,3732.0,,,,,,,,,,,,,,,,1355.0,,,,,,,,,,,,,,,,,,,,,,,,,,,,,,,,,,,,,,,,4100.0,,2657.0,,,,,,,,,6640.0,,,,,,,,,,,1315.0,,,14663.0,,,,,,,,,,,,,,,,,,,,,,,,,,,,,,,,,,,,,,,,,,,,,,,,,,,,,,,10256.0,10256.0,,,,,,,,,,,,,,,,,,,,,,,,,,,,5544.0,,,,8836.0,,,,,,,,,,,,,,,,5544.0,,,,,,,,,,10256.0,4345.0,,,,10841.0,,,,,,,,,,,,,,,,1315.0,,,,,,,,,,,,,,,,,,,,,,,,,,,,,,,,,,2715.0,,,,9446.0,1315.0,,,,,,,,,,,,,,,17242.0,,,,,,6795.0,,,,,,,,,,,,,,,,,,,,,,,,,,,,,,,,,,,,,,5544.0,,,,,,,1877.0,,,,,,,,,,,,,,,,,,,,,,,,,,,,,,,,,,,,,6716.0,,,,,,,,,,,,,,,,,,,,,,,,,,,,,,,,,,,8431.0,,,,,,,,,,,,2715.0,,,,,,,,,,,,,,,,,5544.0,,,,,,,,,,,,,,,,,17800.0,,,,,,,,,,,,,,,,,,,,,,,,,,,,,,,,,,,,,2942.0,,,,,,,,,,,,,,,,,,,,,,,,,,10256.0,,,,,,,,,,,,,14581.0,,,,,,,3859.0,,,,,,,,,,,,2715.0,,2759.0,,,,,1304.0,,,,,,,,,,,,,,,,,,,4574.0,,,,,,,,,,,,,,12716.0,,,,,,,,,,,,,,,,,,,,,,,,,,2275.0,,,,,,,,,,,,,,,,,,,,,,,,,,,,,,9726.0,,,,,,2275.0,10256.0,,,,,10020.0,,,4100.0,,2174.0,,,,,,6982.0,,,,,,,,,,,,5633.0,,,,,,,,,,,,3732.0,,,,,,,,,,,5544.0,,,,,,,,,,,,,,,,,2715.0,,,,,,,,,,,,,,,,,,,,,,,,,,,,,,,,,,,,,,,,,,2275.0,,,,,,,,1478.0,,,,,,,,,,,,,,,,,,,,,,15107.0,,,3485.0,11121.0,,,,,,,,,,,,,,,,6570.0,,,,,,,,,,,,,,,,,,,,,,,6716.0,,,,,,,,,6640.0,,,,,,,,2715.0,,,,,,,,,2275.0,,,,,,,,,,,,,,,,,,,,2929.0,,,,,,,,,,,,,,,,,,,,,,6640.0,8431.0,3732.0,,,,,,,,,,,,,,,,,,,,,,14663.0,2275.0,,,,,,,,,,,,,,,,,,,,,,10663.0,5761.0,,,,,,,,,,,,,17751.0,,,,16101.0,,,,,,,,,,,,,,,,,,,,,11439.0,,,,,,,,,,,6716.0,,9814.0,,17800.0,,,,,,,3767.0,,,,,,,2715.0,,,,,,,,,,,,,,,,,,,,,,,,,,,,2715.0,,,,,,,,1917.0,,,,,6716.0,,,,,,2275.0,,,,,,,2715.0,,,,,,,,,,,,,,,,,,,,,,,,,,,,,,,,,,2174.0,,,,,,,,,3732.0,,,,,,,,,1463.0,,9726.0,,,,3554.0,,,,,,,,,,,11972.0,,,3159.0,,,,,,,,,,,2715.0,,,,,,,,,,,,,,,,,,,10256.0,,,,,,,,,,,,,,,,,,6716.0,,,,6629.0,,,,,,,,,,,,,,,,,,11972.0,,,2715.0,,,,,,,,,,,,,11972.0,,,,,,,,,,3732.0,,,,,,1569.0,,,,,,,,,,,,,,,,,,,,,,,,,,,2440.0,,2402.0,,,5698.0,,,,,5936.0,,,,,,,,,,,,,,,,,,,,,,,,,,,,,,,,,,,,,6007.0,,9526.0,,,,,1334.0,,,,,,,,,,,,,,2174.0,5544.0,,,,,,,,,,,,,,,,,,,,,,,,1315.0,,,,,,,,,,,,,,,,,,,,,,,,,,,,,,,,,,,,,,,,,,,,,,,,,,,,,,,,,,,,,,,,,,,,,,,,,,,,,,,,14469.0,,,,,2715.0,,,8431.0,,,,,,,10256.0,,,,,,,,,5544.0,,,,,,,,,,,,,,,8227.0,,,,,,,,17180.0,,,,,,,,,2715.0,,,,,,,,,,,,,,,,13309.0,,,,,,,,,,,,,,,,,,5014.0,,,,,,,2715.0,6716.0,,,,,,,,,17956.0,,,,,,,6716.0,,,,,,,,,,,,6227.0,,,,,3993.0,,,,,,,,,,,,7769.0,,,,,,,,,,,,,,,10256.0,,,,,,,5544.0,,,,,,,,,,,,,,,10572.0,,,,,,,,,,,,,6716.0,,,,,,,,,,,,,,,,,,,,,2715.0,,,,,,,,,,,,,,,,,,,,,,,,,,,,,,,,,,,,,,,,,,14672.0,,,,,,,,,,,,11439.0,11158.0,,,,,,,10111.0,,13714.0,,,,,,,,,,,,,,,,,,,,,,,,,,,,,,,,,,,,,,,,,,,,,,,,,1833.0,,,,,,,,,,,,,,,,,,,,,,,,,,,,,,,,,,,,,,,,2275.0,,,,,6010.0,,,,,,,,,,,,,12075.0,,,,,,,,,,,,,,,,,,,,,,,,6716.0,,,,,,,,,,,,,,,,,,,,,,,,,6716.0,11540.0,,,,,,,,,,,,,,,,,,,,,,,,6716.0,,,,,,,,,,,,,,,,,,,,,,,,,,,,,,,,,,,,,,,,,,,,,,,16172.0,,,,,,,,,,,,,,,,,,,,,,,,,,,,,,,,,,,4501.0,,,,,,,,,,,,,,,,,,,,,,,,,,,,,,,,8431.0,,,,,,,,,,,,,15418.0,,,,,,,,,,,,,,,,,,,,,,3554.0,2715.0,,,,2715.0,,,,,,,,,,,,,,,,,,,,3554.0,,,,,,,,,13846.0,,2275.0,,,,,,3554.0,,,,,,,,,,,,,,,,,,,,,,,,,,,4437.0,,,,,,,,,,,,1792.0,,2275.0,,,,,6716.0,,,,,,,,,,11158.0,,,,,,,10603.0,,,,,,,,,,10256.0,,,,,,,,,,,,,,,,,,,,,,,2305.0,2715.0,,,,,,,,,,,,,2715.0,,,,,,,,,,,,,,,,,,,,,,,3184.0,,2715.0,,,,,,,,,,,,,,,,,,,,,,,,,,1152.0,,,,,,,,,,,,,,,,,,,,,,,,,,9016.0,,,,,,,,,12893.0,,,,,,,6716.0,,,,,,5075.0,,,,,1445.0,,,,,5224.0,,,,,,,,,,,,,,,,,,,,,,,,,,,11972.0,,,,,,,,,,,,,,,,,,,,9726.0,,,,,,,,,,,,3080.0,2715.0,,2715.0,,,,,,,,,,,2275.0,,,,,,,,,,,,,,,,,,,,,,,,,,,,,,,,2169.0,,,,,,,,,,,,,,,,,,,10111.0,,,,,,,,,,,,,,,,2624.0,,,,2796.0,,,,,,,2275.0,,,,,,,,,,,,,,,,,,6716.0,,,,,,,,,,,8525.0,,,,,,,2174.0,,,1625.0,,,,,,,,,,,,,,,,,,,,,,,,,2715.0,,,,,,,,,,,,,,,,,,,,,,,,,,,,,,,,,,,,1211.0,,,,,,,,,,,,,,,,,,,,,,,,,2624.0,,,,,,,,,,,,,,,,,,,,,,,4465.0,,,,,,,,,,,,,,,,4748.0,,,,,,,,,,,,,,,,,,,2275.0,,,,5633.0,,,,3886.0,,2715.0,6716.0,,,,,3554.0,,,,,,,,,,,,,,17734.0,,,,,,,,,,,,,,,,,,,,,,,,,,,,,,,,2715.0,,,,,,,,,,,2715.0,,,,,,,,8304.0,,,,,,,,,,,,,6541.0,,,,,,,,,,,1315.0,,,,,,,,13095.0,,1315.0,,,,2715.0,,,,,,,,,,,12287.0,,,,10256.0,,,,,,,11439.0,,,,,,,,,,,,,2715.0,,,,,,,,,3767.0,,,,,,,,,,,,,,,,,,,11158.0,,,,,,,,,,,,,,,,,,,,,,,,,,,,,,,,,,,10256.0,,,,,,,,,,,,,,,,,,,,,,,,,,,,,,,,,,,,,6716.0,1235.0,,,,,,,,,,,,,,,,,,,,14768.0,,,2715.0,1489.0,,,,,,2715.0,,,,,,14592.0,,,,,,,,,,,,3554.0,,,,,,,,,8428.0,,,,,,,,,,,,8769.0,,,,,,,,,2715.0,,,,,,,,,2715.0,,,,,,,,,,,,,,2174.0,5544.0,10256.0,,4100.0,,,,,,,,6081.0,,,,,,,,,,,,,,,,,,,,,,,,,,,,,,,,,2715.0,,,,,,,,,,,,,,,,,,,,,,,,,,6664.0,,,,,,,,,,,,,1315.0,,,,,,,,,,,,,,,,,,,,,,,,,,,,,,,,,,,,,,,,,1170.0,,,,,,,,,,,,,,,,,,,,,,,,,,,,,,,,,,,,,,,,,,,,,,,,2715.0,,,,,,,,,4465.0,,,,,,,,,,,,,2715.0,,12287.0,,,,,,,,,,,1991.0,2715.0,,,,2174.0,,,,,,,,,,,,,,,,2715.0,,,,,,,,,,,,,,,,,,,,10256.0,,,,,,,,,,,,,,6716.0,,,,,,,,,,,,,,,,,,,,,,,,,,,,,,8350.0,,,,,,,9442.0,,,,,,,,,5224.0,,,8349.0,,,,,2715.0,10256.0,,,,,,,,,5754.0,,,,,,,3807.0,,,,,,,,,10111.0,,6716.0,,,,,,,,,,,,,,,,,,,,,,,,,,,,,,,,,,,,,,,,,,,,16431.0,,,,10111.0,,,,,,,,,,,,,,,,,,,,,,,,1541.0,,,,,,,,,,,,,,,,,,,,2540.0,,,,,,,,,2458.0,,,,,,,,,,,,,,,,,,,,1563.0,,,10603.0,,,,,,,,,,,,,,,,,,,4696.0,,,,,,,,,,,,,,,,,,,,,,,,,,,12716.0,3354.0,,,,,,,,,,,,,,,,,,,,,,,,,,,,,,,,,,,10421.0,,,,,,,,,1304.0,,,,9183.0,,,2715.0,,,,,,,,,7000.0,,,,,,,,9004.0,,,,,,,,,,,,,,,,,,,,,,,,,1788.0,,,,,,,,,,,,,,,,,,,,,,,,,,,,,,,,,,,,,,,,14768.0,,,,,,3083.0,,,,,2008.0,,,,,,,,,,,,,,,,,,,12549.0,,7532.0,5544.0,,,,,,,,,,,,,,,,,,,,,,,,,,,,,,,,,,,,,,,,,,,2008.0,,,,,,15249.0,,,,,,,,,,,,,,,,,,,,,,,,,8431.0,,,,,,,,,,,,,,,,,,,,,2450.0,4750.0,,,,4100.0,,,,,,,,,2715.0,,,2275.0,,,,,,,,,,,,,,,,,,,,,,,,,,,,,3006.0,,,,,,,,,,,,,,,,,,,,,,,,,,,5544.0,,,,,,,,,,,2604.0,,,,,,,,,,,,,,17800.0,,,,,,,,,,,,,,,,,,,,,2275.0,,,,4100.0,,,,,,,,,,,,1934.0,,,,,,,2275.0,,,,2715.0,,,,,,,,2715.0,,,,1192.0,,,,,,,,,,,,,,,,,,,3475.0,,,11158.0,,,,,,,6716.0,,11439.0,,,,1463.0,,,,,2169.0,,,,11158.0,5642.0,,,,,,,,,,,,,,,,,,,,,,,,,,6716.0,,,,,,,,,,,,,,,,,1973.0,,,,,,,,,,,,,,,,,,,,,,,,,,,,2715.0,,,,,,,,,,,,,,,,,,,,,,,,,,,,,,,,
,,,,,,,,,,,,,,,,,,,,,,,,,,,,,,,,,,,,,,,,,,,,,,,,,,,,,,,6326.0,,,,6003.0,,,,,,5704.0,,,,,,,,,,,,,,,,,,,,,,,,,,,,,,,,,,,,,,,,10256.0,,,,,,,,,,,,,,,,,,,,,,,,,,,,,,,,,,,,,,,,,,,,,,,,,,,,,,,,,,,,,,,,,,,,,,,,,,,,,,,,,,,,,,,,,,,,,,,,,,,,,,,,,,,,,,,,,,,,,,,,,,2715.0,,2385.0,,,,,,,,,,,,,,,,,,,,,,,,,,,,,,,,,,,,,,,,,,,,,,,,,,,,,,,,,,,,,,,3432.0,,,2624.0,,,,,,,,,,,,,,,,,,,,,,,5844.0,,,,,,,,,,,,,,,,,,,,,,,,,2964.0,,,,,,,,,,,,,,,,,,,,,15885.0,,,,,,,,,,,,,,,,,,,,,,,,,,,,,,,,,,,,,,,,,,,,,,,,,,,,,,,9312.0,,1351.0,,,,,,,,,,,,,,,,,,,,,,,,,,,,,,,,,,,,,,,,,,,,,,,,,2939.0,,,,,,,,,,,,,,,,,,,,,,,,,,,,,,,11439.0,,,,,,,,,,,,,,,,,,,,,,,,,,,,,,,,,,,,,,,,,,,,,,,,,,,,,,,,,,,,,,6326.0,,,,,,,,,,,,,,,,,,,,,,,,,,,,,,,,6610.0,,,,,,,,,,,6905.0,,,,,,,,,,,,,,,2939.0,,,,,,,,,,,,,,,,,10111.0,,,2715.0,,,,,,,,,,,2939.0,,,,,,,,,,,1991.0,3529.0,,,,,12717.0,,,,,,,,,,,,,,,,,,,,,,,4974.0,,,,,,,,,,,,,,,,,,,,,,,,,,,,,,,,,,,,,,,,,,,,,,,,,,,,,,,6905.0,,,,,,,,,,,11352.0,,,,,,,,,,,,,14469.0,,,,,6326.0,,,,,,,,6647.0,,,,,,,,,,,,,,,,,,,15974.0,,,15183.0,,,,,,,,,,,,,,,,,,,,,,,,,,,,,,,,,,,,,,,,,,,,,,,,,,,,7377.0,,,,,,,,,,,11439.0,,,,,,,,,,,4985.0,,,,,,,,,,,,,,,,,,,,,,,,,,,,,,,,,,,,,,,,,,,,,,15687.0,,,,,,,,,,,,,,,,3798.0,,,,,,,,,,,,,,,,,,,,,,,,,,,,,,,,,,,,,,,,15885.0,,7262.0,,,,,,,,,,,,,,,,,,,,3432.0,,,,,,,,,,,,,,,,,,,,,,,,,,,,,,,,,,,,,,,,,,,,,,,,,,,,,,,,,,11158.0,11158.0,,,,,,,,,,,,,,,,,,,,,,,,,,,,9312.0,,,,10256.0,,,,,,,,,,,,,,,,9312.0,,,,,,,,,,11158.0,12896.0,,,,,,,,,,,,,,,,,,,,3432.0,,,,,,,,,,,,,,,,,,,,,,,,,,,,,,,,,,2939.0,,,,9772.0,3432.0,,,,,,,,,,,,,,,,,,,,,,,,,,,,,,,,,,,,,,,,,,,,,,,,,,,,,,,,,,,9312.0,,,,,,,2474.0,,,,,,,,,,,,,,,,,,,,,,,,,,,,,,,,,,,,,,,,,,,,,,,,,,,,,,,,,,,,,,,,,,,,,,,,,,,,,,,,,,,,2939.0,,,,,,,,,,,,,,,,,9312.0,,,,,,,,,,,,,,,,,,,,,,,,,,,,,,,,,,,,,,,,,,,,,,,,,,,,,,5326.0,,,,,,,,,,,,,,,,,,,,,,,,,,11158.0,,,,,,,,,,,,,,,,,,,,13033.0,,,,,,,,,,,,2939.0,,7090.0,,,,,10603.0,,,,,,,,,,,,,,,,,,,5108.0,,,,,,,,,,,,,,,,,,,,,,,,,,,,,,,,,,,,,,,,3554.0,,,,,,,,,,,,,,,,,,,,,,,,,,,,,,,,,,,,17800.0,11158.0,,,,,10209.0,,,15885.0,,,,,,,,8303.0,,,,,,,,,,,,11556.0,,,,,,,,,,,,15687.0,,,,,,,,,,,9312.0,,,,,,,,,,,,,,,,,2939.0,,,,,,,,,,,,,,,,,,,,,,,,,,,,,,,,,,,,,,,,,,2715.0,,,,,,,,,,,,,,,,,,,,,,,,,,,,,,,,,5161.0,,,,,,,,,,,,,,,,,7769.0,,,,,,,,,,,,,,,,,,,,,,,,,,,,,,,,,,,,,,,,2939.0,,,,,,,,,,,,,,,,,,,,,,,,,,,,,5544.0,,,,,,,,,,,,,,,,,,,,,,8769.0,,15687.0,,,,,,,,,,,,,,,,,,,,,,,,,,,,,,,,,,,,,,,,,,,,,17331.0,,,,,,,,,,,,,,,,,,,,,,,,,,,,,,,,,,,,,,,,,,,,,,,,,,,,11158.0,,,,,,,,,,,,,,,,2939.0,,,,,,,,,,,,,,,,,,,,,,,,,,,,2939.0,,,,,,,,2884.0,,,,,,,,,,,,,,,,,,2939.0,,,,,,,,,,,,,,,,,,,,,,,,,,,,,,,,,,,,,,,,,,,15687.0,,,,,,,,,,,,,,,6326.0,,,,,,,,,,,,,,6905.0,,,,,,,,,,,2939.0,,,,,,,,,,,,,,,,,,,11158.0,,,,,,,,,,,,,,,,,,,,,,10111.0,,,,,,,,,,,,,,,,,,,,,2939.0,,,,,,,,,,,,,,,,,,,,,,,3767.0,,,,,,3120.0,,,,,,,,,,,,,,,,,,,,,,,,,,,14658.0,,2715.0,,,14475.0,,,,,,,,,,,,,,,,,,,,,,,,,,,,,,,,,,,,,,,,,,13756.0,,14159.0,,,,,10285.0,,,,,,,,,,,,,,11972.0,9312.0,,,,,,,,,,,,,,,,,,,,,,,,3432.0,,,,,,,,,,,,,,,,,,,,,,,,,,,,,,,,,,,,,,,,,,,,,,,,,,,,,,,,,,,,,,,,,,,,,,,,,,,,,,,,,,,,,2939.0,,,10111.0,,,,,,,11158.0,,,,,,,,,9312.0,,,,,,,,,,,,,,,13296.0,,,,,,,,,,,,,,,,,2939.0,,,,,,,,,,,,,,,,,,,,,,,,,,,,,,,,,,6425.0,,,,,,,2939.0,,,,,,,,,,,,,,,,,,,,,,,,,,,,,,,,,,,,,,,,,,,,,,,,,,,,,,,,,,,,,11158.0,,,,,,,9312.0,,,,,,,,,,,,,,,17256.0,,,,,,,,,,,,,,,,,,,,,,,,,,,,,,,,,,2939.0,,,,,,,,,,,,,,,,,,,,,,,,,,,,,,,,,,,,,,,,,,,,,,,,,,,,,,,,,,,,,,12789.0,,,,,,,,,,,,,,,,,,,,,,,,,,,,,,,,,,,,,,,,,,,,,,,,,,,2715.0,,,,,,,,,,,,,,,,,,,,,,,,,,,,,,,,,,,,,,,,,,,,,,,,,,,,,,,,,,,,,,,,,,,,,,,,,,,,,,,,,,,,,,,,,,,,,,,,,,,,,,,,,,,,16779.0,,,,,,,,,,,,,,,,,,,,,,,,,,,,,,,,,,,,,,,,,,,,,,,,,,,,,,,,,,,,,,,,,,,,,,,,,,,,,,,,,,,,,,,,,,,,,,,,,,,,,,,,,,11439.0,,,,,,,,,,,,,,,,,,,,,,,,,,,,,,,,17346.0,,,,,,,,,,,,,,,,,,,,,,,,,,,,,,,,,,,6326.0,2939.0,,,,2939.0,,,,,,,,,,,,,,,,,,,,6326.0,,,,,,,,,,,2715.0,,,,,,4485.0,,,,,,,,,,,,,,,,,,,,,,,,,,,11970.0,,,,,,,,,,,,,,,,,,,,,,,,,,,,,17995.0,,,,,,,11352.0,,,,,,,,,,11158.0,,,,,,,,,,,,,,,,,,,,,,,3358.0,2939.0,,,,,,,,,,,,,2939.0,,,,,,,,,,,,,,,,,,,,,,,,,2939.0,,,,,,,,,,,,,,,,,,,,,,,,,,1463.0,,,,,,,,,,,,,,,,,,,,,,,,,,9549.0,,,,,,,,,,,,,,,,,,,,,,6553.0,,,,,4100.0,,,,,8355.0,,,,,,,,,,,,,,,,,,,,,,,,,,,,,,,,,,,,,,,,,,,,,,,,,,,,,,,,,,,3502.0,2939.0,,2939.0,,,,,,,,,,,5801.0,,,,,,,,,,,,,,,,,,,,,,,,,,,,,,,,12555.0,,,,,,,,,,,,,,,,,,,,,,,,,,,,,,,,,,,8431.0,,,,3317.0,,,,,,,,,,,,,,,,,,,,,,,,,8803.0,,,,,,,,,,,,,,,,,,10256.0,,,6987.0,,,,,,,,,,,,,,,,,,,,,,,,,2939.0,,,,,,,,,,,,,,,,,,,,,,,,,,,,,,,,,,,,1248.0,,,,,,,,,,,,,,,,,,,,,,,,,,,,,,,,,,,,,,,,,,,,,,,,,,,,,,,,,,,,,,,,6446.0,,,,,,,,,,,,,,,,,,,,,,,7759.0,,,,,,2939.0,,,,,,6326.0,,,,,,,,,,,,,,,,,,,,,,,,,,,,,,,,,,,,,,,,,,,,,,2939.0,,,,,,,,,,,2939.0,,,,,,,,,,,,,,,,,,,,,12024.0,,,,,,,,,,,3432.0,,,,,,,,,,3432.0,,,,2939.0,,,,,,,,,,,,,,,11158.0,,,,,,,13990.0,,,,,,,,,,,,,2939.0,,,,,,,,,5936.0,,,,,,,,,,,,,,,,,,,17995.0,,,,,,,,,,,,,,,,,,,,,,,,,,,,,,,,,,,11158.0,,,,,,,,,,,,,,,,,,,,,,,,,,,,,,,,,,,,,,3065.0,,,,,,,,,,,,,,,,,,,,,,,2939.0,12398.0,,,,,,2939.0,,,,,,,,,,,,,,,,,,6326.0,,,,,,,,,14102.0,,,,,,,,,,,,,,,,,,,,,2939.0,,,,,,,,,2939.0,,,,,,,,,,,,,,,9312.0,11158.0,,15885.0,,,,,,,,10256.0,,,,,,,,,,,,,,,,,,,,,,,,,,,,,,,,,2939.0,,,,,,,,,,,,,,,,,,,,,,,,,,10256.0,,,,,,,,,,,,,3432.0,,,,,,,,,,,,,,,,,,,,,,,,,,,,,,,,,,,,,,,,,4237.0,,,,,,,,,,,,,,,,,,,,,,,,,,,,,,,,,,,,,,,,,,,,,,,,2939.0,,,,,,,,,8349.0,,,,,,,,,,,,,2939.0,,18220.0,,,,,,,,,,,4567.0,2939.0,,,,,,,,,,,,,,,,,,,,2939.0,,,,,,,,,,,,,,,,,,,,17581.0,,,,,,,,,,,,,,,,,,,,,,,,,,,,,,,,,,,,,,,,,,,,,,,,,,,,,,,,,,,,8355.0,,,,,,,,2939.0,11158.0,,,,,,,,,8877.0,,,,,,,5679.0,,,,,,,,,,,13516.0,,,,,,,,,,,,,,,,,,,,,,,,,,,,,,,,,,,,,,,,,,,,16499.0,,,,,,,,,,,,,,,,,,,,,,,,,,,,5014.0,,,,,,,,,,,,,,,,,,,,3922.0,,,,,,,,,6716.0,,,,,,,,,,,,,,,,,,,,9473.0,,,11352.0,,,,,,,,,,,,,,,,,,,6208.0,,,,,,,,,,,,,,,,,,,,,,,,,,,,13330.0,,,,,,,,,,,,,,,,,,,,,,,,,,,,,,,,,,,,,,,,,,,,2412.0,,,,10603.0,,,2939.0,,,,,,,,,,,,,,,,,17172.0,,,,,,,,,,,,,,,,,,,,,,,,,11427.0,,,,,,,,,,,,,,,,,,,,,,,,,,,,,,,,,,,,,,,,,,,,,,11486.0,,,,,5544.0,,,,,,,,,,,,,,,,,,,,,10834.0,9312.0,,,,,,,,,,,,,,,,,,,,,,,,,,,,,,,,,,,,,,,,,,,,,,,,,15975.0,,,,,,,,,,,,,,,,,,,,,,,,,,,,,,,,,,,,,,,,,,,,,,3808.0,,,,,15885.0,,,,,,,,,2939.0,,,,,,,,,,,,,,,,,,,,,,,,,,,,,,,,12829.0,,,,,,,,,,,,,,,,,,,,,,,,,,,9312.0,,,,,,,,,,,9993.0,,,,,,,,,,,,,,,,,,,,,,,,,,,,,,,,,,,3159.0,,,,15885.0,,,,,,,,,,,,6563.0,,,,,,,,,,,2939.0,,,,,,,,2939.0,,,,1361.0,,,,,,,,,,,,,,,,,,,6429.0,,,17995.0,,,,,,,9080.0,,,,,,1933.0,,,,,3548.0,,,,,,,,,,,,,,,,,,,,,,,,,,,,,,,,,,,,,,,,,,,,,,,,2193.0,,,,,,,,,,,,,,,,,,,,,,,,,,,,2939.0,,,,,,,,,,,,,,,,,,,,,,,,,,,,,,,,
,,,,,,,,,,,,,,,,,,,,,,,,,,,,,,,,,,,,,,,,,,,,,,,,,,,,,,,,,,,8221.0,,,,,,6529.0,,,,,,,,,,,,,,,,,,,,,,,,,,,,,,,,,,,,,,,,17581.0,,,,,,,,,,,,,,,,,,,,,,,,,,,,,,,,,,,,,,,,,,,,,,,,,,,,,,,,,,,,,,,,,,,,,,,,,,,,,,,,,,,,,,,,,,,,,,,,,,,,,,,,,,,,,,,,,,,,,,,,,,2939.0,,2592.0,,,,,,,,,,,,,,,,,,,,,,,,,,,,,,,,,,,,,,,,,,,,,,,,,,,,,,,,,,,,,,,,,,2715.0,,,,,,,,,,,,,,,,,,,,,,,,,,,,,,,,,,,,,,,,,,,,,,,,4182.0,,,,,,,,,,,,,,,,,,,,,,,,,,,,,,,,,,,,,,,,,,,,,,,,,,,,,,,,,,,,,,,,,,,,,,,,,,,,17010.0,,1692.0,,,,,,,,,,,,,,,,,,,,,,,,,,,,,,,,,,,,,,,,,,,,,,,,,12434.0,,,,,,,,,,,,,,,,,,,,,,,,,,,,,,,,,,,,,,,,,,,,,,,,,,,,,,,,,,,,,,,,,,,,,,,,,,,,,,,,,,,,,,,,,,,,,,,,,,,,,,,,,,,,,,,,,,,,,,,,,,,,,8305.0,,,,,,,,,,,,,,,,,,,,,,,,,,14663.0,,,,,,,,,,,,,,,,,,,,2939.0,,,,,,,,,,,3554.0,,,,,,,,,,,2165.0,6012.0,,,,,16789.0,,,,,,,,,,,,,,,,,,,,,,,5356.0,,,,,,,,,,,,,,,,,,,,,,,,,,,,,,,,,,,,,,,,,,,,,,,,,,,,,,,,,,,,,,,,,,,,,,,,,,,,,,,,,,,,6716.0,,,,,,,,7925.0,,,,,,,,,,,,,,,,,,,,,,17956.0,,,,,,,,,,,,,,,,,,,,,,,,,,,,,,,,,,,,,,,,,,,,,,,,,,,,7930.0,,,,,,,,,,,14672.0,,,,,,,,,,,,,,,,,,,,,,,,,,,,,,,,,,,,,,,,,,,,,,,,,,,,,,,,,15868.0,,,,,,,,,,,,,,,,5694.0,,,,,,,,,,,,,,,,,,,,,,,,,,,,,,,,,,,,,,,,,,10756.0,,,,,,,,,,,,,,,,,,,,5761.0,,,,,,,,,,,,,,,,,,,,,,,,,,,,,,,,,,,,,,,,,,,,,,,,,,,,,,,,,,17581.0,17581.0,,,,,,,,,,,,,,,,,,,,,,,,,,,,17010.0,,,,11158.0,,,,,,,,,,,,,,,,17010.0,,,,,,,,,,17581.0,,,,,,,,,,,,,,,,,,,,,5761.0,,,,,,,,,,,,,,,,,,,,,,,,,,,,,,,,,,14663.0,,,,10111.0,,,,,,,,,,,,,,,,,,,,,,,,,,,,,,,,,,,,,,,,,,,,,,,,,,,,,,,,,,,,17010.0,,,,,,,5544.0,,,,,,,,,,,,,,,,,,,,,,,,,,,,,,,,,,,,,,,,,,,,,,,,,,,,,,,,,,,,,,,,,,,,,,,,,,,,,,,,,,,,14663.0,,,,,,,,,,,,,,,,,10111.0,,,,,,,,,,,,,,,,,,,,,,,,,,,,,,,,,,,,,,,,,,,,,,,,,,,,,,6929.0,,,,,,,,,,,,,,,,,,,,,,,,,,17581.0,,,,,,,,,,,,,,,,,,,,,,,,,,,,,,,,14663.0,,11959.0,,,,,10785.0,,,,,,,,,,,,,,,,,,,6982.0,,,,,,,,,,,,,,,,,,,,,,,,,,,,,,,,,,,,,,,,6326.0,,,,,,,,,,,,,,,,,,,,,,,,,,,,,,,,,,,,17956.0,17581.0,,,,,,,,,,,,,,,,,,,,,,,,,,,,13738.0,,,,,,,,,,,,,,,,,,,,,,,17010.0,,,,,,,,,,,,,,,,,14663.0,,,,,,,,,,,,,,,,,,,,,,,,,,,,,,,,,,,,,,,,,,2939.0,,,,,,,,,,,,,,,,,,,,,,,,,,,,,,,,,5461.0,,,,,,,,,,,,,,,,,11582.0,,,,,,,,,,,,,,,,,,,,,,,,,,,,,,,,,,,,,,,,14663.0,,,,,,,,,,,,,,,,,,,,,,,,,,,,,7587.0,,,,,,,,,,,,,,,,,,,,,,,,,,,,,,,,,,,,,,,,,,,,,,,,,,,,,,,,,,,,,,,,,,,,,,,,,,,,,,,,,,,,,,,,,,,,,,,,,,,,,,,,,,,,,,,,,,,,,,,,,,,,,,,,,,,,,,,,,14663.0,,,,,,,,,,,,,,,,,,,,,,,,,,,,14663.0,,,,,,,,18124.0,,,,,,,,,,,,,,,,,,14663.0,,,,,,,,,,,,,,,,,,,,,,,,,,,,,,,,,,,,,,,,,,,,,,,,,,,,,,,,,,6716.0,,,,,,,,,,,,,,,,,,,,,,,,,10256.0,,,,,,,,,,,,,,,,,,,17581.0,,,,,,,,,,,,,,,,,,,,,,,,,,,,,,,,,,,,,,,,,,,14663.0,,,,,,,,,,,,,,,,,,,,,,,4100.0,,,,,,7546.0,,,,,,,,,,,,,,,,,,,,,,,,,,,15181.0,,2939.0,,,14648.0,,,,,,,,,,,,,,,,,,,,,,,,,,,,,,,,,,,,,,,,,,16611.0,,,,,,,,,,,,,,,,,,,,,,17010.0,,,,,,,,,,,,,,,,,,,,,,,,5761.0,,,,,,,,,,,,,,,,,,,,,,,,,,,,,,,,,,,,,,,,,,,,,,,,,,,,,,,,,,,,,,,,,,,,,,,,,,,,,,,,,,,,,14663.0,,,,,,,,,,17581.0,,,,,,,,,17010.0,,,,,,,,,,,,,,,,,,,,,,,,,,,,,,,,14663.0,,,,,,,,,,,,,,,,,,,,,,,,,,,,,,,,,,10256.0,,,,,,,14663.0,,,,,,,,,,,,,,,,,,,,,,,,,,,,,,,,,,,,,,,,,,,,,,,,,,,,,,,,,,,,,17581.0,,,,,,,17010.0,,,,,,,,,,,,,,,17751.0,,,,,,,,,,,,,,,,,,,,,,,,,,,,,,,,,,14663.0,,,,,,,,,,,,,,,,,,,,,,,,,,,,,,,,,,,,,,,,,,,,,,,,,,,,,,,,,,,,,,12896.0,,,,,,,,,,,,,,,,,,,,,,,,,,,,,,,,,,,,,,,,,,,,,,,,,,,2939.0,,,,,,,,,,,,,,,,,,,,,,,,,,,,,,,,,,,,,,,,,,,,,,,,,,,,,,,,,,,,,,,,,,,,,,,,,,,,,,,,,,,,,,,,,,,,,,,,,,,,,,,,,,,,,,,,,,,,,,,,,,,,,,,,,,,,,,,,,,,,,,,,,,,,,,,,,,,,,,,,,,,,,,,,,,,,,,,,,,,,,,,,,,,,,,,,,,,,,,,,,,,,,,,,,,,,,,,,,,,,,,,,,,,,,,,,,,,,,,,,,,,,,,,,,,,,,,,,,,,,,,,,,,,,,,,,,,,,,,,,,,3550.0,,,,14663.0,,,,,,,,,,,,,,,,,,,,,,,,,,,,,,,2939.0,,,,,,6326.0,,,,,,,,,,,,,,,,,,,,,,,,,,,14141.0,,,,,,,,,,,,,,,,,,,,,,,,,,,,,18156.0,,,,,,,,,,,,,,,,,17581.0,,,,,,,,,,,,,,,,,,,,,,,3869.0,14663.0,,,,,,,,,,,,,14663.0,,,,,,,,,,,,,,,,,,,,,,,,,14663.0,,,,,,,,,,,,,,,,,,,,,,,,,,4323.0,,,,,,,,,,,,,,,,,,,,,,,,,,14456.0,,,,,,,,,,,,,,,,,,,,,,10111.0,,,,,4963.0,,,,,,,,,,,,,,,,,,,,,,,,,,,,,,,,,,,,,,,,,,,,,,,,,,,,,,,,,,,,,,,,5400.0,14663.0,,14663.0,,,,,,,,,,,8219.0,,,,,,,,,,,,,,,,,,,,,,,,,,,,,,,,,,,,,,,,,,,,,,,,,,,,,,,,,,,,,,,,,,,,,,,,,,,,,,,,,,,,,,,,,,,,,,,,,,,,,,,,,,,,,,,,,,11158.0,,,14347.0,,,,,,,,,,,,,,,,,,,,,,,,,14663.0,,,,,,,,,,,,,,,,,,,,,,,,,,,,,,,,,,,,1539.0,,,,,,,,,,,,,,,,,,,,,,,,,,,,,,,,,,,,,,,,,,,,,,,,,,,,,,,,,,,,,,,,13244.0,,,,,,,,,,,,,,,,,,,,,,,9617.0,,,,,,14663.0,,,,,,,,,,,,,,,,,,,,,,,,,,,,,,,,,,,,,,,,,,,,,,,,,,,,14663.0,,,,,,,,,,,3554.0,,,,,,,,,,,,,,,,,,,,,14663.0,,,,,,,,,,,5761.0,,,,,,,,,,5761.0,,,,14663.0,,,,,,,,,,,,,,,17581.0,,,,,,,,,,,,,,,,,,,,14663.0,,,,,,,,,,,,,,,,,,,,,,,,,,,,18156.0,,,,,,,,,,,,,,,,,,,,,,,,,,,,,,,,,,,17581.0,,,,,,,,,,,,,,,,,,,,,,,,,,,,,,,,,,,,,,3246.0,,,,,,,,,,,,,,,,,,,,,,,14663.0,,,,,,,14663.0,,,,,,,,,,,,,,,,,,17400.0,,,,,,,,,,,,,,,,,,,,,,,,,,,,,,14663.0,,,,,,,,,14663.0,,,,,,,,,,,,,,,17010.0,17581.0,,,,,,,,,,11158.0,,,,,,,,,,,,,,,,,,,,,,,,,,,,,,,,,14663.0,,,,,,,,,,,,,,,,,,,,,,,,,,11158.0,,,,,,,,,,,,,,,,,,,,,,,,,,,,,,,,,,,,,,,,,,,,,,,,,,,,,,4423.0,,,,,,,,,,,,,,,,,,,,,,,,,,,,,,,,,,,,,,,,,,,,,,,,14663.0,,,,,,,,,,,,,,,,,,,,,,14663.0,,,,,,,,,,,,,8070.0,14663.0,,,,,,,,,,,,,,,,,,,,6716.0,,,,,,,,,,,,,,,,,,,,,,,,,,,,,,,,,,,,,,,,,,,,,,,,,,,,,,,,,,,,,,,,,,,,,,,,,,,,,,,,,,,,,,,,14663.0,17581.0,,,,,,,,,14659.0,,,,,,,7389.0,,,,,,,,,,,14146.0,,,,,,,,,,,,,,,,,,,,,,,,,,,,,,,,,,,,,,,,,,,,,,,,,,,,,,,,,,,,,,,,,,,,,,,,5969.0,,,,,,,,,,,,,,,,,,,,4465.0,,,,,,,,,8145.0,,,,,,,,,,,,,,,,,,,,,,,,,,,,,,,,,,,,,,,,,,9575.0,,,,,,,,,,,,,,,,,,,,,,,,,,,,,,,,,,,,,,,,,,,,,,,,,,,,,,,,,,,,,,,,,,,,,,,,4100.0,,,,11352.0,,,14663.0,,,,,,,,,,,,,,,,,,,,,,,,,,,,,,,,,,,,,,,,,,11435.0,,,,,,,,,,,,,,,,,,,,,,,,,,,,,,,,,,,,,,,,,,,,,,16343.0,,,,,9312.0,,,,,,,,,,,,,,,,,,,,,18116.0,17010.0,,,,,,,,,,,,,,,,,,,,,,,,,,,,,,,,,,,,,,,,,,,,,,,,,,,,,,,,,,,,,,,,,,,,,,,,,,,,,,,,,,,,,,,,,,,,,,,,,,,,,,,,,,,,,14663.0,,,,,,,,,,,,,,,,,,,,,,,,,,,,,,,,,,,,,,,,,,,,,,,,,,,,,,,,,,,17010.0,,,,,,,,,,,16229.0,,,,,,,,,,,,,,,,,,,,,,,,,,,,,,,,,,,6905.0,,,,,,,,,,,,,,,,12902.0,,,,,,,,,,,14663.0,,,,,,,,14663.0,,,,1561.0,,,,,,,,,,,,,,,,,,,7571.0,,,18156.0,,,,,,,10111.0,,,,,,2174.0,,,,,12486.0,,,,,,,,,,,,,,,,,,,,,,,,,,,,,,,,,,,,,,,,,,,,,,,,12505.0,,,,,,,,,,,,,,,,,,,,,,,,,,,,14663.0,,,,,,,,,,,,,,,,,,,,,,,,,,,,,,,,
,,,,,,,,,,,,,,,,,,,,,,,,,,,,,,,,,,,,,,,,,,,,,,,,,,,,,,,,,,,14605.0,,,,,,7484.0,,,,,,,,,,,,,,,,,,,,,,,,,,,,,,,,,,,,,,,,,,,,,,,,,,,,,,,,,,,,,,,,,,,,,,,,,,,,,,,,,,,,,,,,,,,,,,,,,,,,,,,,,,,,,,,,,,,,,,,,,,,,,,,,,,,,,,,,,,,,,,,,,,,,,,,,,,,,,,,,,,3892.0,,3159.0,,,,,,,,,,,,,,,,,,,,,,,,,,,,,,,,,,,,,,,,,,,,,,,,,,,,,,,,,,,,,,,,,,2939.0,,,,,,,,,,,,,,,,,,,,,,,,,,,,,,,,,,,,,,,,,,,,,,,,4466.0,,,,,,,,,,,,,,,,,,,,,,,,,,,,,,,,,,,,,,,,,,,,,,,,,,,,,,,,,,,,,,,,,,,,,,,,,,,,,,1788.0,,,,,,,,,,,,,,,,,,,,,,,,,,,,,,,,,,,,,,,,,,,,,,,,,14663.0,,,,,,,,,,,,,,,,,,,,,,,,,,,,,,,,,,,,,,,,,,,,,,,,,,,,,,,,,,,,,,,,,,,,,,,,,,,,,,,,,,,,,,,,,,,,,,,,,,,,,,,,,,,,,,,,,,,,,,,,,,,,,8928.0,,,,,,,,,,,,,,,,,,,,,,,,,,,,,,,,,,,,,,,,,,,,,,14663.0,,,,,,,,,,,6326.0,,,,,,,,,,,3361.0,8848.0,,,,,17395.0,,,,,,,,,,,,,,,,,,,,,,,8181.0,,,,,,,,,,,,,,,,,,,,,,,,,,,,,,,,,,,,,,,,,,,,,,,,,,,,,,,,,,,,,,,,,,,,,,,,,,,,,,,,,,,,,,,,,,,,8549.0,,,,,,,,,,,,,,,,,,,,,,,,,,,,,,,,,,,,,,,,,,,,,,,,,,,,,,,,,,,,,,,,,,,,,,,,,,,,,,,,,,,,,,,,,,,,,,,,,,,,,,,,,,,,,,,,,,,,,,,,,,,,,,,,,,,,,,,,,,,,,,,,,,,,,,,,,,,,,,8349.0,,,,,,,,,,,,,,,,,,,,,,,,,,,,,,,,,,,,,,,,,,10803.0,,,,,,,,,,,,,,,,,,,,,,,,,,,,,,,,,,,,,,,,,,,,,,,,,,,,,,,,,,,,,,,,,,,,,,,,,,,,,,17800.0,,,,,,,,,,,,,,,,,,,,,,,,,,,,,17956.0,,,,16509.0,,,,,,,,,,,,,,,,,,,,,,,,,,,,,,,,,,,,,,,,,,,,,,,,,,,,,,,,,,,,,,,,,,,,,,,,,,,,,,,,,,,,,12717.0,,,,,,,,,,,,,,,,,,,,,,,,,,,,,,,,,,,,,,,,,,,,,,,,,,,,,,,,,,,,,,,,,,,5752.0,,,,,,,,,,,,,,,,,,,,,,,,,,,,,,,,,,,,,,,,,,,,,,,,,,,,,,,,,,,,,,,,,,,,,,,,,,,,,,,,,,,,,,,,,,,,,,,,,,,,,17010.0,,,,,,,,,,,,,,,,,,,,,,,,,,,,,,,,,,,,,,,,,,,,,,,,,,,,,,12909.0,,,,,,,,,,,,,,,,,,,,,,,,,,,,,,,,,,,,,,,,,,,,,,,,,,,,,,,,,,,,12074.0,,,,,11352.0,,,,,,,,,,,,,,,,,,,8303.0,,,,,,,,,,,,,,,,,,,,,,,,,,,,,,,,,,,,,,,,17956.0,,,,,,,,,,,,,,,,,,,,,,,,,,,,,,,,,,,,,,,,,,,,,,,,,,,,,,,,,,,,,,,,,,,,,,,,,,,,,,,,,,,,,,,,,,,,,,,,,,,,,,,,,,,,,,,,,,,,,,,,,,,,,,,,,,,,,,,,,,,,,,,,,,,14663.0,,,,,,,,,,,,,,,,,,,,,,,,,,,,,,,,,8303.0,,,,,,,,,,,,,,,,,14405.0,,,,,,,,,,,,,,,,,,,,,,,,,,,,,,,,,,,,,,,,,,,,,,,,,,,,,,,,,,,,,,,,,,,,,9312.0,,,,,,,,,,,,,,,,,,,,,,,,,,,,,,,,,,,,,,,,,,,,,,,,,,,,,,,,,,,,,,,,,,,,,,,,,,,,,,,,,,,,,,,,,,,,,,,,,,,,,,,,,,,,,,,,,,,,,,,,,,,,,,,,,,,,,,,,,,,,,,,,,,,,,,,,,,,,,,,,,,,,,,,,,,,,,,,,,,,,,,,,,,,,,,,14807.0,,,,,,,,,,,,,,,,,,,,,,,,,,,,,,,,,,,,,,,,,,,,,,,,,,,,,,,,,,,,,,,,,,,,,,,,,,,,,,,,,,,11158.0,,,,,,,,,,,,,,,,,,,,,,,,,,,,,,,,,,,,,,,,,,,,,,,,,,,,,,,,,,,,,,,,,,,,,,,,,,,,,,,,,,,,,5544.0,,,,,,8304.0,,,,,,,,,,,,,,,,,,,,,,,,,,,,,3767.0,,,14695.0,,,,,,,,,,,,,,,,,,,,,,,,,,,,,,,,,,,,,,,,,,,,,,,,,,,,,,,,,,,,,,,,,,,,,,,,,,,,,,,,,,,,,,,,,,,,,,,,,,,,,,,,,,,,,,,,,,,,,,,,,,,,,,,,,,,,,,,,,,,,,,,,,,,,,,,,,,,,,,,,,,,,,,,,,,,,,,,,,,,,,,,17956.0,,,,,,,,,,,,,,,,,,,,,,,,,,,,,,,,,,,,,,,,,,,,,,,,,,,,,,,,,,,,,,,,,,,,,,,,,,,11158.0,,,,,,,,,,,,,,,,,,,,,,,,,,,,,,,,,,,,,,,,,,,,,,,,,,,,,,,,,,,,,,,,,,,,,,,,,,,,,,,,,,,,,,,,,,,,,,,,,,,,,,,,,,,,,,,,,,,,,,,,,,,,,,,,,,,,,,,,,,,,,,,,,,,,,,,,,,,,,,,,,,,,,,,,,,,,,,,,,,,,,,,,,,14731.0,,,,,,,,,,,,,,,,,,,,,,,,,,,,,,,,,,,,,,,,,,,,,,,,,,,4547.0,,,,,,,,,,,,,,,,,,,,,,,,,,,,,,,,,,,,,,,,,,,,,,,,,,,,,,,,,,,,,,,,,,,,,,,,,,,,,,,,,,,,,,,,,,,,,,,,,,,,,,,,,,,,,,,,,,,,,,,,,,,,,,,,,,,,,,,,,,,,,,,,,,,,,,,,,,,,,,,,,,,,,,,,,,,,,,,,,,,,,,,,,,,,,,,,,,,,,,,,,,,,,,,,,,,,,,,,,,,,,,,,,,,,,,,,,,,,,,,,,,,,,,,,,,,,,,,,,,,,,,,,,,,,,,,,,,,,,,,,,,3767.0,,,,15107.0,,,,,,,,,,,,,,,,,,,,,,,,,,,,,,,14663.0,,,,,,7205.0,,,,,,,,,,,,,,,,,,,,,,,,,,,15652.0,,,,,,,,,,,,,,,,,,,,,,,,,,,,,,,,,,,,,,,,,,,,,,,,,,,,,,,,,,,,,,,,,,,,,5374.0,,,,,,,,,,,,,,,,,,,,,,,,,,,,,,,,,,,,,,,,,,,,,,,,,,,,,,,,,,,,,,,,,4455.0,,,,,,,,,,,,,,,,,,,,,,,,,,,,,,,,,,,,,,,,,,,,,,,,14475.0,,,,,5822.0,,,,,,,,,,,,,,,,,,,,,,,,,,,,,,,,,,,,,,,,,,,,,,,,,,,,,,,,,,,,,,,,6325.0,17956.0,,,,,,,,,,,,,10256.0,,,,,,,,,,,,,,,,,,,,,,,,,,,,,,,,,,,,,,,,,,,,,,,,,,,,,,,,,,,,,,,,,,,,,,,,,,,,,,,,,,,,,,,,,,,,,,,,,,,,,,,,,,,,,,,,,,17581.0,,,,,,,,,,,,,,,,,,,,,,,,,,,,,,,,,,,,,,,,,,,,,,,,,,,,,,,,,,,,,,,,3947.0,,,,,,,,,,,,,,,,,,,,,,,,,,,,,,,,,,,,,,,,,,,,,,,,,,,,,,,,,,,,,,,,17228.0,,,,,,,,,,,,,,,,,,,,,,,11738.0,,,,,,,,,,,,,,,,,,,,,,,,,,,,,,,,,,,,,,,,,,,,,,,,,,,,,,,,,,,,,,,,,,,,,6326.0,,,,,,,,,,,,,,,,,,,,,17110.0,,,,,,,,,,,,,,,,,,,,,,,,,,,,,,,,,,,,,,,,,,,,,,,,,,,,,,,,,,,,,,,,,,,,,,,,,,,,,,,,,,,,,,,,,,,,,,,,,,,,,,,,,,,,,,,,,,,,,,,,,,,,,,,,,,,,,,,,,,,,,,,,,,,,,,,,,,,,,,,,,3886.0,,,,,,,,,,,,,,,,,,,,,,,,,,,,,,,,,,,,,,,,,,,,,,,,,,,,,,,,,,,,,,,,,,,,,,,,,,,,,,,,,,,,,,,,,,,,,,,,,,,,,,,,,,,,,,,,,17581.0,,,,,,,,,,,,,,,,,,,,,,,,,,,,,,,,,,,,,,,,,,,,,,,,,,,,,,,,,,,17581.0,,,,,,,,,,,,,,,,,,,,,,,,,,,,,,,,,,,,,,,,,,,,,,,,,,,,,,8763.0,,,,,,,,,,,,,,,,,,,,,,,,,,,,,,,,,,,,,,,,,,,,,,,,,,,,,,,,,,,,,,,,,,,,,,,,,,,,,,,,,,,8130.0,,,,,,,,,,,,,,,,,,,,,11158.0,,,,,,,,,,,,,,,,,,,,,,,,,,,,,,,,,,,,,,,,,,,,,,,,,,,,,,,,,,,,,,,,,,,,,,,,,,,,,,,,,,,,,,,,,,,,,,,,,,17192.0,,,,,,,,,,,,,,,,,,16568.0,,,,,,,,,,,,,,,,,,,,,,,,,,,,,,,,,,,,,,,,,,,,,,,,,,,,,,,,,,,,,,,,,,,,,,,,5997.0,,,,,,,,,,,,,,,,,,,,11284.0,,,,,,,,,15418.0,,,,,,,,,,,,,,,,,,,,,,,,,,,,,,,,,,,,,,,,,,,,,,,,,,,,,,,,,,,,,,,,,,,,,,,,,,,,,,,,,,,,,,,,,,,,,,,,,,,,,,,,,,,,,,,,,,4166.0,,,,12434.0,,,,,,,,,,,,,,,,,,,,,,,,,,,,,,,,,,,,,,,,,,,,,16218.0,,,,,,,,,,,,,,,,,,,,,,,,,,,,,,,,,,,,,,,,,,,,,,16521.0,,,,,16988.0,,,,,,,,,,,,,,,,,,,,,,,,,,,,,,,,,,,,,,,,,,,,,,,,,,,,,,,,,,,,,,,,,,,,,,,,,,,,,,,,,,,,,,,,,,,,,,,,,,,,,,,,,,,,,,,,,,,,,,,,,,,,,,,,,,,,,,,,,,,,,,,,,,,,,,,,,,,,,,,,,,,,,,,,,,,,,,,,,,,,,,,,,,,,,,,,,,,,,,,,,,,,,,,,,,,,,,,,,,,,,,,,,,,,,,,,,,,,10603.0,,,,,,,,,,,,,,,,17989.0,,,,,,,,,,,,,,,,,,,,,,,2275.0,,,,,,,,,,,,,,,,,,,8063.0,,,,,,,,,,14768.0,,,,,,4996.0,,,,,,,,,,,,,,,,,,,,,,,,,,,,,,,,,,,,,,,,,,,,,,,,,,,,,14368.0,,,,,,,,,,,,,,,,,,,,,,,,,,,,,,,,,,,,,,,,,,,,,,,,,,,,,,,,,,,,
,,,,,,,,,,,,,,,,,,,,,,,,,,,,,,,,,,,,,,,,,,,,,,,,,,,,,,,,,,,,,,,,,13203.0,,,,,,,,,,,,,,,,,,,,,,,,,,,,,,,,,,,,,,,,,,,,,,,,,,,,,,,,,,,,,,,,,,,,,,,,,,,,,,,,,,,,,,,,,,,,,,,,,,,,,,,,,,,,,,,,,,,,,,,,,,,,,,,,,,,,,,,,,,,,,,,,,,,,,,,,,,,,,,,,,,14663.0,,3556.0,,,,,,,,,,,,,,,,,,,,,,,,,,,,,,,,,,,,,,,,,,,,,,,,,,,,,,,,,,,,,,,,,,3739.0,,,,,,,,,,,,,,,,,,,,,,,,,,,,,,,,,,,,,,,,,,,,,,,,7084.0,,,,,,,,,,,,,,,,,,,,,,,,,,,,,,,,,,,,,,,,,,,,,,,,,,,,,,,,,,,,,,,,,,,,,,,,,,,,,,1848.0,,,,,,,,,,,,,,,,,,,,,,,,,,,,,,,,,,,,,,,,,,,,,,,,,,,,,,,,,,,,,,,,,,,,,,,,,,,,,,,,,,,,,,,,,,,,,,,,,,,,,,,,,,,,,,,,,,,,,,,,,,,,,,,,,,,,,,,,,,,,,,,,,,,,,,,,,,,,,,,,,,,,,,,,,,,,,,16162.0,,,,,,,,,,,,,,,,,,,,,,,,,,,,,,,,,,,,,,,,,,,,,,15214.0,,,,,,,,,,,14663.0,,,,,,,,,,,3425.0,10534.0,,,,,,,,,,,,,,,,,,,,,,,,,,,,9116.0,,,,,,,,,,,,,,,,,,,,,,,,,,,,,,,,,,,,,,,,,,,,,,,,,,,,,,,,,,,,,,,,,,,,,,,,,,,,,,,,,,,,,,,,,,,,9312.0,,,,,,,,,,,,,,,,,,,,,,,,,,,,,,,,,,,,,,,,,,,,,,,,,,,,,,,,,,,,,,,,,,,,,,,,,,,,,,,,,,,,,,,,,,,,,,,,,,,,,,,,,,,,,,,,,,,,,,,,,,,,,,,,,,,,,,,,,,,,,,,,,,,,,,,,,,,,,,9964.0,,,,,,,,,,,,,,,,,,,,,,,,,,,,,,,,,,,,,,,,,,12477.0,,,,,,,,,,,,,,,,,,,,,,,,,,,,,,,,,,,,,,,,,,,,,,,,,,,,,,,,,,,,,,,,,,,,,,,,,,,,,,,,,,,,,,,,,,,,,,,,,,,,,,,,,,,,,,,17581.0,,,,,,,,,,,,,,,,,,,,,,,,,,,,,,,,,,,,,,,,,,,,,,,,,,,,,,,,,,,,,,,,,,,,,,,,,,,,,,,,,,,,,12718.0,,,,,,,,,,,,,,,,,,,,,,,,,,,,,,,,,,,,,,,,,,,,,,,,,,,,,,,,,,,,,,,,,,,6481.0,,,,,,,,,,,,,,,,,,,,,,,,,,,,,,,,,,,,,,,,,,,,,,,,,,,,,,,,,,,,,,,,,,,,,,,,,,,,,,,,,,,,,,,,,,,,,,,,,,,,,,,,,,,,,,,,,,,,,,,,,,,,,,,,,,,,,,,,,,,,,,,,,,,,,,,,,,,14520.0,,,,,,,,,,,,,,,,,,,,,,,,,,,,,,,,,,,,,,,,,,,,,,,,,,,,,,,,,,,,14424.0,,,,,,,,,,,,,,,,,,,,,,,,,,,,,,,,,,,,,,,,,,,,,,,,,,,,,,,,,,,,,,,,,,,,,,,,,,,,,,,,,,,,,,,,,,,,,,,,,,,,,,,,,,,,,,,,,,,,,,,,,,,,,,,,,,,,,,,,,,,,,,,,,,,,,,,,,,,,,,,,,,,,,,,,,,,,,,,,,,,,,,,,,,,,,,,,,,,,,,,,,,,,,,,,,,,,,,,,,,,,,,,,,,,,,,,,,,,,,,,,,,,,9803.0,,,,,,,,,,,,,,,,,15830.0,,,,,,,,,,,,,,,,,,,,,,,,,,,,,,,,,,,,,,,,,,,,,,,,,,,,,,,,,,,,,,,,,,,,,9871.0,,,,,,,,,,,,,,,,,,,,,,,,,,,,,,,,,,,,,,,,,,,,,,,,,,,,,,,,,,,,,,,,,,,,,,,,,,,,,,,,,,,,,,,,,,,,,,,,,,,,,,,,,,,,,,,,,,,,,,,,,,,,,,,,,,,,,,,,,,,,,,,,,,,,,,,,,,,,,,,,,,,,,,,,,,,,,,,,,,,,,,,,,,,,,,,,,,,,,,,,,,,,,,,,,,,,,,,,,,,,,,,,,,,,,,,,,,,,,,,,,,,,,,,,,,,,,,,,,,,,,,,,,,,,,,,,,,14663.0,,,,,,,,,,,,,,,,,,,,,,,,,,,,,,,,,,,,,,,,,,,,,,,,,,,,,,,,,,,,,,,,,,,,,,,,,,,,,,,,,,,,,9312.0,,,,,,12716.0,,,,,,,,,,,,,,,,,,,,,,,,,,,,,5598.0,,,,,,,,,,,,,,,,,,,,,,,,,,,,,,,,,,,,,,,,,,,,,,,,,,,,,,,,,,,,,,,,,,,,,,,,,,,,,,,,,,,,,,,,,,,,,,,,,,,,,,,,,,,,,,,,,,,,,,,,,,,,,,,,,,,,,,,,,,,,,,,,,,,,,,,,,,,,,,,,,,,,,,,,,,,,,,,,,,,,,,,,,,,,,,,,,,,,,,,,,,,,,,,,,,,,,,,,,,,,,,,,,,,,,,,,,,,,,,,,,,,,,,,,,,,,,,,,,,,,,17581.0,,,,,,,,,,,,,,,,,,,,,,,,,,,,,,,,,,,,,,,,,,,,,,,,,,,,,,,,,,,,,,,,,,,,,,,,,,,,,,,,,,,,,,,,,,,,,,,,,,,,,,,,,,,,,,,,,,,,,,,,,,,,,,,,,,,,,,,,,,,,,,,,,,,,,,,,,,,,,,,,,,,,,,,,,,,,,,,,,,,,,,,,,,17956.0,,,,,,,,,,,,,,,,,,,,,,,,,,,,,,,,,,,,,,,,,,,,,,,,,,,5544.0,,,,,,,,,,,,,,,,,,,,,,,,,,,,,,,,,,,,,,,,,,,,,,,,,,,,,,,,,,,,,,,,,,,,,,,,,,,,,,,,,,,,,,,,,,,,,,,,,,,,,,,,,,,,,,,,,,,,,,,,,,,,,,,,,,,,,,,,,,,,,,,,,,,,,,,,,,,,,,,,,,,,,,,,,,,,,,,,,,,,,,,,,,,,,,,,,,,,,,,,,,,,,,,,,,,,,,,,,,,,,,,,,,,,,,,,,,,,,,,,,,,,,,,,,,,,,,,,,,,,,,,,,,,,,,,,,,,,,,,,,,5108.0,,,,,,,,,,,,,,,,,,,,,,,,,,,,,,,,,,,,,,,,,7705.0,,,,,,,,,,,,,,,,,,,,,,,,,,,,,,,,,,,,,,,,,,,,,,,,,,,,,,,,,,,,,,,,,,,,,,,,,,,,,,,,,,,,,,,,,,,,,,,,5570.0,,,,,,,,,,,,,,,,,,,,,,,,,,,,,,,,,,,,,,,,,,,,,,,,,,,,,,,,,,,,,,,,,5736.0,,,,,,,,,,,,,,,,,,,,,,,,,,,,,,,,,,,,,,,,,,,,,,,,14648.0,,,,,7058.0,,,,,,,,,,,,,,,,,,,,,,,,,,,,,,,,,,,,,,,,,,,,,,,,,,,,,,,,,,,,,,,,6888.0,,,,,,,,,,,,,,11158.0,,,,,,,,,,,,,,,,,,,,,,,,,,,,,,,,,,,,,,,,,,,,,,,,,,,,,,,,,,,,,,,,,,,,,,,,,,,,,,,,,,,,,,,,,,,,,,,,,,,,,,,,,,,,,,,,,,,,,,,,,,,,,,,,,,,,,,,,,,,,,,,,,,,,,,,,,,,,,,,,,,,,,,,,,,,,,,,,,,4942.0,,,,,,,,,,,,,,,,,,,,,,,,,,,,,,,,,,,,,,,,,,,,,,,,,,,,,,,,,,,,,,,,18054.0,,,,,,,,,,,,,,,,,,,,,,,12010.0,,,,,,,,,,,,,,,,,,,,,,,,,,,,,,,,,,,,,,,,,,,,,,,,,,,,,,,,,,,,,,,,,,,,,6716.0,,,,,,,,,,,,,,,,,,,,,17231.0,,,,,,,,,,,,,,,,,,,,,,,,,,,,,,,,,,,,,,,,,,,,,,,,,,,,,,,,,,,,,,,,,,,,,,,,,,,,,,,,,,,,,,,,,,,,,,,,,,,,,,,,,,,,,,,,,,,,,,,,,,,,,,,,,,,,,,,,,,,,,,,,,,,,,,,,,,,,,,,,,4188.0,,,,,,,,,,,,,,,,,,,,,,,,,,,,,,,,,,,,,,,,,,,,,,,,,,,,,,,,,,,,,,,,,,,,,,,,,,,,,,,,,,,,,,,,,,,,,,,,,,,,,,,,,,,,,,,,,,,,,,,,,,,,,,,,,,,,,,,,,,,,,,,,,,,,,,,,,,,,,,,,,,,,,,,,,,,,,,,,,,,,,,,,,,,,,,,,,,,,,,,,,,,,,,,,,,,,,,,,,,,,,,,,,,9686.0,,,,,,,,,,,,,,,,,,,,,,,,,,,,,,,,,,,,,,,,,,,,,,,,,,,,,,,,,,,,,,,,,,,,,,,,,,,,,,,,,,,14150.0,,,,,,,,,,,,,,,,,,,,,12367.0,,,,,,,,,,,,,,,,,,,,,,,,,,,,,,,,,,,,,,,,,,,,,,,,,,,,,,,,,,,,,,,,,,,,,,,,,,,,,,,,,,,,,,,,,,,,,,,,,,17231.0,,,,,,,,,,,,,,,,,,,,,,,,,,,,,,,,,,,,,,,,,,,,,,,,,,,,,,,,,,,,,,,,,,,,,,,,,,,,,,,,,,,,,,,,,,6982.0,,,,,,,,,,,,,,,,,,,,13204.0,,,,,,,,,,,,,,,,,,,,,,,,,,,,,,,,,,,,,,,,,,,,,,,,,,,,,,,,,,,,,,,,,,,,,,,,,,,,,,,,,,,,,,,,,,,,,,,,,,,,,,,,,,,,,,,,,,,,,,,,,,,5420.0,,,,17095.0,,,,,,,,,,,,,,,,,,,,,,,,,,,,,,,,,,,,,,,,,,,,,,,,,,,,,,,,,,,,,,,,,,,,,,,,,,,,,,,,,,,,,,,,,,,,,,,,17010.0,,,,,,,,,,,,,,,,,,,,,,,,,,,,,,,,,,,,,,,,,,,,,,,,,,,,,,,,,,,,,,,,,,,,,,,,,,,,,,,,,,,,,,,,,,,,,,,,,,,,,,,,,,,,,,,,,,,,,,,,,,,,,,,,,,,,,,,,,,,,,,,,,,,,,,,,,,,,,,,,,,,,,,,,,,,,,,,,,,,,,,,,,,,,,,,,,,,,,,,,,,,,,,,,,,,,,,,,,,,,,,,,,,,,,,,,,,,,11352.0,,,,,,,,,,,,,,,,,,,,,,,,,,,,,,,,,,,,,,,4105.0,,,,,,,,,,,,,,,,,,,10570.0,,,,,,,,,,,,,,,,5480.0,,,,,,,,,,,,,,,,,,,,,,,,,,,,,,,,,,,,,,,,,,,,,,,,,,,,,,,,,,,,,,,,,,,,,,,,,,,,,,,,,,,,,,,,,,,,,,,,,,,,,,,,,,,,,,,,,
,,,,,,,,,,,,,,,,,,,,,,,,,,,,,,,,,,,,,,,,,,,,,,,,,,,,,,,,,,,,,,,,,16232.0,,,,,,,,,,,,,,,,,,,,,,,,,,,,,,,,,,,,,,,,,,,,,,,,,,,,,,,,,,,,,,,,,,,,,,,,,,,,,,,,,,,,,,,,,,,,,,,,,,,,,,,,,,,,,,,,,,,,,,,,,,,,,,,,,,,,,,,,,,,,,,,,,,,,,,,,,,,,,,,,,,,,3732.0,,,,,,,,,,,,,,,,,,,,,,,,,,,,,,,,,,,,,,,,,,,,,,,,,,,,,,,,,,,,,,,,,,3977.0,,,,,,,,,,,,,,,,,,,,,,,,,,,,,,,,,,,,,,,,,,,,,,,,7359.0,,,,,,,,,,,,,,,,,,,,,,,,,,,,,,,,,,,,,,,,,,,,,,,,,,,,,,,,,,,,,,,,,,,,,,,,,,,,,,2363.0,,,,,,,,,,,,,,,,,,,,,,,,,,,,,,,,,,,,,,,,,,,,,,,,,,,,,,,,,,,,,,,,,,,,,,,,,,,,,,,,,,,,,,,,,,,,,,,,,,,,,,,,,,,,,,,,,,,,,,,,,,,,,,,,,,,,,,,,,,,,,,,,,,,,,,,,,,,,,,,,,,,,,,,,,,,,,,,,,,,,,,,,,,,,,,,,,,,,,,,,,,,,,,,,,,,,,,,,,,,,,,,,,,,,,,,,,,,,,,,,,,3567.0,12074.0,,,,,,,,,,,,,,,,,,,,,,,,,,,,10019.0,,,,,,,,,,,,,,,,,,,,,,,,,,,,,,,,,,,,,,,,,,,,,,,,,,,,,,,,,,,,,,,,,,,,,,,,,,,,,,,,,,,,,,,,,,,,10188.0,,,,,,,,,,,,,,,,,,,,,,,,,,,,,,,,,,,,,,,,,,,,,,,,,,,,,,,,,,,,,,,,,,,,,,,,,,,,,,,,,,,,,,,,,,,,,,,,,,,,,,,,,,,,,,,,,,,,,,,,,,,,,,,,,,,,,,,,,,,,,,,,,,,,,,,,,,,,,,11972.0,,,,,,,,,,,,,,,,,,,,,,,,,,,,,,,,,,,,,,,,,,13204.0,,,,,,,,,,,,,,,,,,,,,,,,,,,,,,,,,,,,,,,,,,,,,,,,,,,,,,,,,,,,,,,,,,,,,,,,,,,,,,,,,,,,,,,,,,,,,,,,,,,,,,,,,,,,,,,,,,,,,,,,,,,,,,,,,,,,,,,,,,,,,,,,,,,,,,,,,,,,,,,,,,,,,,,,,,,,,,,,,,,,,,,,,,,,,,,,,,,,17395.0,,,,,,,,,,,,,,,,,,,,,,,,,,,,,,,,,,,,,,,,,,,,,,,,,,,,,,,,,,,,,,,,,,,8747.0,,,,,,,,,,,,,,,,,,,,,,,,,,,,,,,,,,,,,,,,,,,,,,,,,,,,,,,,,,,,,,,,,,,,,,,,,,,,,,,,,,,,,,,,,,,,,,,,,,,,,,,,,,,,,,,,,,,,,,,,,,,,,,,,,,,,,,,,,,,,,,,,,,,,,,,,,,,14807.0,,,,,,,,,,,,,,,,,,,,,,,,,,,,,,,,,,,,,,,,,,,,,,,,,,,,,,,,,,,,,,,,,,,,,,,,,,,,,,,,,,,,,,,,,,,,,,,,,,,,,,,,,,,,,,,,,,,,,,,,,,,,,,,,,,,,,,,,,,,,,,,,,,,,,,,,,,,,,,,,,,,,,,,,,,,,,,,,,,,,,,,,,,,,,,,,,,,,,,,,,,,,,,,,,,,,,,,,,,,,,,,,,,,,,,,,,,,,,,,,,,,,,,,,,,,,,,,,,,,,,,,,,,,,,,,,,,,,,,,,,,,,,,,,,,,,,,,,,,,,,,,,10933.0,,,,,,,,,,,,,,,,,16698.0,,,,,,,,,,,,,,,,,,,,,,,,,,,,,,,,,,,,,,,,,,,,,,,,,,,,,,,,,,,,,,,,,,,,,10140.0,,,,,,,,,,,,,,,,,,,,,,,,,,,,,,,,,,,,,,,,,,,,,,,,,,,,,,,,,,,,,,,,,,,,,,,,,,,,,,,,,,,,,,,,,,,,,,,,,,,,,,,,,,,,,,,,,,,,,,,,,,,,,,,,,,,,,,,,,,,,,,,,,,,,,,,,,,,,,,,,,,,,,,,,,,,,,,,,,,,,,,,,,,,,,,,,,,,,,,,,,,,,,,,,,,,,,,,,,,,,,,,,,,,,,,,,,,,,,,,,,,,,,,,,,,,,,,,,,,,,,,,,,,,,,,,,,,17581.0,,,,,,,,,,,,,,,,,,,,,,,,,,,,,,,,,,,,,,,,,,,,,,,,,,,,,,,,,,,,,,,,,,,,,,,,,,,,,,,,,,,,,15687.0,,,,,,14015.0,,,,,,,,,,,,,,,,,,,,,,,,,,,,,14663.0,,,,,,,,,,,,,,,,,,,,,,,,,,,,,,,,,,,,,,,,,,,,,,,,,,,,,,,,,,,,,,,,,,,,,,,,,,,,,,,,,,,,,,,,,,,,,,,,,,,,,,,,,,,,,,,,,,,,,,,,,,,,,,,,,,,,,,,,,,,,,,,,,,,,,,,,,,,,,,,,,,,,,,,,,,,,,,,,,,,,,,,,,,,,,,,,,,,,,,,,,,,,,,,,,,,,,,,,,,,,,,,,,,,,,,,,,,,,,,,,,,,,,,,,,,,,,,,,,,,,,,,,,,,,,,,,,,,,,,,,,,,,,,,,,,,,,,,,,,,,,,,,,,,,,,,,,,,,,,,,,,,,,,,,,,,,,,,,,,,,,,,,,,,,,,,,,,,,,,,,,,,,,,,,,,,,,,,,,,,,,,,,,,,,,,,,,,,,,,,,,,,,,,,,,,,,,,,,,,,,,,,,,,,,,,,,,,,,,,,,,,,,,,,,,,,,,,,,,,,,,,,,,,,,,,,,,,,,,,,,,,,,,,,,,,,,,,,,,,8428.0,,,,,,,,,,,,,,,,,,,,,,,,,,,,,,,,,,,,,,,,,,,,,,,,,,,,,,,,,,,,,,,,,,,,,,,,,,,,,,,,,,,,,,,,,,,,,,,,,,,,,,,,,,,,,,,,,,,,,,,,,,,,,,,,,,,,,,,,,,,,,,,,,,,,,,,,,,,,,,,,,,,,,,,,,,,,,,,,,,,,,,,,,,,,,,,,,,,,,,,,,,,,,,,,,,,,,,,,,,,,,,,,,,,,,,,,,,,,,,,,,,,,,,,,,,,,,,,,,,,,,,,,,,,,,,,,,,,,,,,,,,10835.0,,,,,,,,,,,,,,,,,,,,,,,,,,,,,,,,,,,,,,,,,10157.0,,,,,,,,,,,,,,,,,,,,,,,,,,,,,,,,,,,,,,,,,,,,,,,,,,,,,,,,,,,,,,,,,,,,,,,,,,,,,,,,,,,,,,,,,,,,,,,,6559.0,,,,,,,,,,,,,,,,,,,,,,,,,,,,,,,,,,,,,,,,,,,,,,,,,,,,,,,,,,,,,,,,,7459.0,,,,,,,,,,,,,,,,,,,,,,,,,,,,,,,,,,,,,,,,,,,,,,,,,,,,,8963.0,,,,,,,,,,,,,,,,,,,,,,,,,,,,,,,,,,,,,,,,,,,,,,,,,,,,,,,,,,,,,,,,9033.0,,,,,,,,,,,,,,14977.0,,,,,,,,,,,,,,,,,,,,,,,,,,,,,,,,,,,,,,,,,,,,,,,,,,,,,,,,,,,,,,,,,,,,,,,,,,,,,,,,,,,,,,,,,,,,,,,,,,,,,,,,,,,,,,,,,,,,,,,,,,,,,,,,,,,,,,,,,,,,,,,,,,,,,,,,,,,,,,,,,,,,,,,,,,,,,,,,,,5663.0,,,,,,,,,,,,,,,,,,,,,,,,,,,,,,,,,,,,,,,,,,,,,,,,,,,,,,,,,,,,,,,,,,,,,,,,,,,,,,,,,,,,,,,12290.0,,,,,,,,,,,,,,,,,,,,,,,,,,,,,,,,,,,,,,,,,,,,,,,,,,,,,,,,,,,,,,,,,,,,,14663.0,,,,,,,,,,,,,,,,,,,,,,,,,,,,,,,,,,,,,,,,,,,,,,,,,,,,,,,,,,,,,,,,,,,,,,,,,,,,,,,,,,,,,,,,,,,,,,,,,,,,,,,,,,,,,,,,,,,,,,,,,,,,,,,,,,,,,,,,,,,,,,,,,,,,,,,,,,,,,,,,,,,,,,,,,,,,,,,,,,,,,,5087.0,,,,,,,,,,,,,,,,,,,,,,,,,,,,,,,,,,,,,,,,,,,,,,,,,,,,,,,,,,,,,,,,,,,,,,,,,,,,,,,,,,,,,,,,,,,,,,,,,,,,,,,,,,,,,,,,,,,,,,,,,,,,,,,,,,,,,,,,,,,,,,,,,,,,,,,,,,,,,,,,,,,,,,,,,,,,,,,,,,,,,,,,,,,,,,,,,,,,,,,,,,,,,,,,,,,,,,,,,,,,,,,,,,11937.0,,,,,,,,,,,,,,,,,,,,,,,,,,,,,,,,,,,,,,,,,,,,,,,,,,,,,,,,,,,,,,,,,,,,,,,,,,,,,,,,,,,,,,,,,,,,,,,,,,,,,,,,12716.0,,,,,,,,,,,,,,,,,,,,,,,,,,,,,,,,,,,,,,,,,,,,,,,,,,,,,,,,,,,,,,,,,,,,,,,,,,,,,,,,,,,,,,,,,,,,,,,,,,17800.0,,,,,,,,,,,,,,,,,,,,,,,,,,,,,,,,,,,,,,,,,,,,,,,,,,,,,,,,,,,,,,,,,,,,,,,,,,,,,,,,,,,,,,,,,,7597.0,,,,,,,,,,,,,,,,,,,,,,,,,,,,,,,,,,,,,,,,,,,,,,,,,,,,,,,,,,,,,,,,,,,,,,,,,,,,,,,,,,,,,,,,,,,,,,,,,,,,,,,,,,,,,,,,,,,,,,,,,,,,,,,,,,,,,,,,,,,,,,,5676.0,,,,,,,,,,,,,,,,,,,,,,,,,,,,,,,,,,,,,,,,,,,,,,,,,,,,,,,,,,,,,,,,,,,,,,,,,,,,,,,,,,,,,,,,,,,,,,,,,,,,,,,,,,,,,,,,,,,,,,,,,,,,,,,,,,,,,,,,,,,,,,,,,,,,,,,,,,,,,,,,,,,,,,,,,,,,,,,,,,,,,,,,,,,,,,,,,,,,,,,,,,,,,,,,,,,,,,,,,,,,,,,,,,,,,,,,,,,,,,,,,,,,,,,,,,,,,,,,,,,,,,,,,,,,,,,,,,,,,,,,,,,,,,,,,,,,,,,,,,,,,,,,,,,,,,,,,,,,,,,,,,,,,,,,,,,,,,,,17956.0,,,,,,,,,,,,,,,,,,,,,,,,,,,,,,,,,,,,,,,4785.0,,,,,,,,,,,,,,,,,,,11355.0,,,,,,,,,,,,,,,,5544.0,,,,,,,,,,,,,,,,,,,,,,,,,,,,,,,,,,,,,,,,,,,,,,,,,,,,,,,,,,,,,,,,,,,,,,,,,,,,,,,,,,,,,,,,,,,,,,,,,,,,,,,,,,,,,,,,,
,,,,,,,,,,,,,,,,,,,,,,,,,,,,,,,,,,,,,,,,,,,,,,,,,,,,,,,,,,,,,,,,,,,,,,,,,,,,,,,,,,,,,,,,,,,,,,,,,,,,,,,,,,,,,,,,,,,,,,,,,,,,,,,,,,,,,,,,,,,,,,,,,,,,,,,,,,,,,,,,,,,,,,,,,,,,,,,,,,,,,,,,,,,,,,,,,,,,,,,,,,,,,,,,,,,,,,,,,,,,,,,,,,,,,4451.0,,,,,,,,,,,,,,,,,,,,,,,,,,,,,,,,,,,,,,,,,,,,,,,,,,,,,,,,,,,,,,,,,,4996.0,,,,,,,,,,,,,,,,,,,,,,,,,,,,,,,,,,,,,,,,,,,,,,,,7396.0,,,,,,,,,,,,,,,,,,,,,,,,,,,,,,,,,,,,,,,,,,,,,,,,,,,,,,,,,,,,,,,,,,,,,,,,,,,,,,2647.0,,,,,,,,,,,,,,,,,,,,,,,,,,,,,,,,,,,,,,,,,,,,,,,,,,,,,,,,,,,,,,,,,,,,,,,,,,,,,,,,,,,,,,,,,,,,,,,,,,,,,,,,,,,,,,,,,,,,,,,,,,,,,,,,,,,,,,,,,,,,,,,,,,,,,,,,,,,,,,,,,,,,,,,,,,,,,,,,,,,,,,,,,,,,,,,,,,,,,,,,,,,,,,,,,,,,,,,,,,,,,,,,,,,,,,,,,,,,,,,,,,3767.0,13785.0,,,,,,,,,,,,,,,,,,,,,,,,,,,,10302.0,,,,,,,,,,,,,,,,,,,,,,,,,,,,,,,,,,,,,,,,,,,,,,,,,,,,,,,,,,,,,,,,,,,,,,,,,,,,,,,,,,,,,,,,,,,,12487.0,,,,,,,,,,,,,,,,,,,,,,,,,,,,,,,,,,,,,,,,,,,,,,,,,,,,,,,,,,,,,,,,,,,,,,,,,,,,,,,,,,,,,,,,,,,,,,,,,,,,,,,,,,,,,,,,,,,,,,,,,,,,,,,,,,,,,,,,,,,,,,,,,,,,,,,,,,,,,,12888.0,,,,,,,,,,,,,,,,,,,,,,,,,,,,,,,,,,,,,,,,,,13947.0,,,,,,,,,,,,,,,,,,,,,,,,,,,,,,,,,,,,,,,,,,,,,,,,,,,,,,,,,,,,,,,,,,,,,,,,,,,,,,,,,,,,,,,,,,,,,,,,,,,,,,,,,,,,,,,,,,,,,,,,,,,,,,,,,,,,,,,,,,,,,,,,,,,,,,,,,,,,,,,,,,,,,,,,,,,,,,,,,,,,,,,,,,,,,,,,,,,,,,,,,,,,,,,,,,,,,,,,,,,,,,,,,,,,,,,,,,,,,,,,,,,,,,,,,,,,,,,,,,,,,,,8948.0,,,,,,,,,,,,,,,,,,,,,,,,,,,,,,,,,,,,,,,,,,,,,,,,,,,,,,,,,,,,,,,,,,,,,,,,,,,,,,,,,,,,,,,,,,,,,,,,,,,,,,,,,,,,,,,,,,,,,,,,,,,,,,,,,,,,,,,,,,,,,,,,,,,,,,,,,,,15686.0,,,,,,,,,,,,,,,,,,,,,,,,,,,,,,,,,,,,,,,,,,,,,,,,,,,,,,,,,,,,,,,,,,,,,,,,,,,,,,,,,,,,,,,,,,,,,,,,,,,,,,,,,,,,,,,,,,,,,,,,,,,,,,,,,,,,,,,,,,,,,,,,,,,,,,,,,,,,,,,,,,,,,,,,,,,,,,,,,,,,,,,,,,,,,,,,,,,,,,,,,,,,,,,,,,,,,,,,,,,,,,,,,,,,,,,,,,,,,,,,,,,,,,,,,,,,,,,,,,,,,,,,,,,,,,,,,,,,,,,,,,,,,,,,,,,,,,,,,,,,,,,,11354.0,,,,,,,,,,,,,,,,,17956.0,,,,,,,,,,,,,,,,,,,,,,,,,,,,,,,,,,,,,,,,,,,,,,,,,,,,,,,,,,,,,,,,,,,,,10897.0,,,,,,,,,,,,,,,,,,,,,,,,,,,,,,,,,,,,,,,,,,,,,,,,,,,,,,,,,,,,,,,,,,,,,,,,,,,,,,,,,,,,,,,,,,,,,,,,,,,,,,,,,,,,,,,,,,,,,,,,,,,,,,,,,,,,,,,,,,,,,,,,,,,,,,,,,,,,,,,,,,,,,,,,,,,,,,,,,,,,,,,,,,,,,,,,,,,,,,,,,,,,,,,,,,,,,,,,,,,,,,,,,,,,,,,,,,,,,,,,,,,,,,,,,,,,,,,,,,,,,,,,,,,,,,,,,,,,,,,,,,,,,,,,,,,,,,,,,,,,,,,,,,,,,,,,,,,,,,,,,,,,,,,,,,,,,,,,,,,,,,,,,,,,,,,,,,,,,,,15885.0,,,,,,14672.0,,,,,,,,,,,,,,,,,,,,,,,,,,,,,14877.0,,,,,,,,,,,,,,,,,,,,,,,,,,,,,,,,,,,,,,,,,,,,,,,,,,,,,,,,,,,,,,,,,,,,,,,,,,,,,,,,,,,,,,,,,,,,,,,,,,,,,,,,,,,,,,,,,,,,,,,,,,,,,,,,,,,,,,,,,,,,,,,,,,,,,,,,,,,,,,,,,,,,,,,,,,,,,,,,,,,,,,,,,,,,,,,,,,,,,,,,,,,,,,,,,,,,,,,,,,,,,,,,,,,,,,,,,,,,,,,,,,,,,,,,,,,,,,,,,,,,,,,,,,,,,,,,,,,,,,,,,,,,,,,,,,,,,,,,,,,,,,,,,,,,,,,,,,,,,,,,,,,,,,,,,,,,,,,,,,,,,,,,,,,,,,,,,,,,,,,,,,,,,,,,,,,,,,,,,,,,,,,,,,,,,,,,,,,,,,,,,,,,,,,,,,,,,,,,,,,,,,,,,,,,,,,,,,,,,,,,,,,,,,,,,,,,,,,,,,,,,,,,,,,,,,,,,,,,,,,,,,,,,,,,,,,,,,,,,,8702.0,,,,,,,,,,,,,,,,,,,,,,,,,,,,,,,,,,,,,,,,,,,,,,,,,,,,,,,,,,,,,,,,,,,,,,,,,,,,,,,,,,,,,,,,,,,,,,,,,,,,,,,,,,,,,,,,,,,,,,,,,,,,,,,,,,,,,,,,,,,,,,,,,,,,,,,,,,,,,,,,,,,,,,,,,,,,,,,,,,,,,,,,,,,,,,,,,,,,,,,,,,,,,,,,,,,,,,,,,,,,,,,,,,,,,,,,,,,,,,,,,,,,,,,,,,,,,,,,,,,,,,,,,,,,,,,,,,,,,,,,,,11987.0,,,,,,,,,,,,,,,,,,,,,,,,,,,,,,,,,,,,,,,,,13335.0,,,,,,,,,,,,,,,,,,,,,,,,,,,,,,,,,,,,,,,,,,,,,,,,,,,,,,,,,,,,,,,,,,,,,,,,,,,,,,,,,,,,,,,,,,,,,,,,7085.0,,,,,,,,,,,,,,,,,,,,,,,,,,,,,,,,,,,,,,,,,,,,,,,,,,,,,,,,,,,,,,,,,8361.0,,,,,,,,,,,,,,,,,,,,,,,,,,,,,,,,,,,,,,,,,,,,,,,,,,,,,9130.0,,,,,,,,,,,,,,,,,,,,,,,,,,,,,,,,,,,,,,,,,,,,,,,,,,,,,,,,,,,,,,,,9524.0,,,,,,,,,,,,,,16789.0,,,,,,,,,,,,,,,,,,,,,,,,,,,,,,,,,,,,,,,,,,,,,,,,,,,,,,,,,,,,,,,,,,,,,,,,,,,,,,,,,,,,,,,,,,,,,,,,,,,,,,,,,,,,,,,,,,,,,,,,,,,,,,,,,,,,,,,,,,,,,,,,,,,,,,,,,,,,,,,,,,,,,,,,,,,,,,,,,,6266.0,,,,,,,,,,,,,,,,,,,,,,,,,,,,,,,,,,,,,,,,,,,,,,,,,,,,,,,,,,,,,,,,,,,,,,,,,,,,,,,,,,,,,,,14420.0,,,,,,,,,,,,,,,,,,,,,,,,,,,,,,,,,,,,,,,,,,,,,,,,,,,,,,,,,,,,,,,,,,,,,,,,,,,,,,,,,,,,,,,,,,,,,,,,,,,,,,,,,,,,,,,,,,,,,,,,,,,,,,,,,,,,,,,,,,,,,,,,,,,,,,,,,,,,,,,,,,,,,,,,,,,,,,,,,,,,,,,,,,,,,,,,,,,,,,,,,,,,,,,,,,,,,,,,,,,,,,,,,,,,,,,,,,,,,,,,,,,,,,,,,,,5233.0,,,,,,,,,,,,,,,,,,,,,,,,,,,,,,,,,,,,,,,,,,,,,,,,,,,,,,,,,,,,,,,,,,,,,,,,,,,,,,,,,,,,,,,,,,,,,,,,,,,,,,,,,,,,,,,,,,,,,,,,,,,,,,,,,,,,,,,,,,,,,,,,,,,,,,,,,,,,,,,,,,,,,,,,,,,,,,,,,,,,,,,,,,,,,,,,,,,,,,,,,,,,,,,,,,,,,,,,,,,,,,,,,,,,,,,,,,,,,,,,,,,,,,,,,,,,,,,,,,,,,,,,,,,,,,,,,,,,,,,,,,,,,,,,,,,,,,,,,,,,,,,,,,,,,,,,,,,,,,,,,,,,,,,,,,14663.0,,,,,,,,,,,,,,,,,,,,,,,,,,,,,,,,,,,,,,,,,,,,,,,,,,,,,,,,,,,,,,,,,,,,,,,,,,,,,,,,,,,,,,,,,,,,,,,,,,,,,,,,,,,,,,,,,,,,,,,,,,,,,,,,,,,,,,,,,,,,,,,,,,,,,,,,,,,,,,,,,,,,,,,,,,,,,,,,,,,,,,,,,,,,7766.0,,,,,,,,,,,,,,,,,,,,,,,,,,,,,,,,,,,,,,,,,,,,,,,,,,,,,,,,,,,,,,,,,,,,,,,,,,,,,,,,,,,,,,,,,,,,,,,,,,,,,,,,,,,,,,,,,,,,,,,,,,,,,,,,,,,,,,,,,,,,,,,6243.0,,,,,,,,,,,,,,,,,,,,,,,,,,,,,,,,,,,,,,,,,,,,,,,,,,,,,,,,,,,,,,,,,,,,,,,,,,,,,,,,,,,,,,,,,,,,,,,,,,,,,,,,,,,,,,,,,,,,,,,,,,,,,,,,,,,,,,,,,,,,,,,,,,,,,,,,,,,,,,,,,,,,,,,,,,,,,,,,,,,,,,,,,,,,,,,,,,,,,,,,,,,,,,,,,,,,,,,,,,,,,,,,,,,,,,,,,,,,,,,,,,,,,,,,,,,,,,,,,,,,,,,,,,,,,,,,,,,,,,,,,,,,,,,,,,,,,,,,,,,,,,,,,,,,,,,,,,,,,,,,,,,,,,,,,,,,,,,,,,,,,,,,,,,,,,,,,,,,,,,,,,,,,,,,,,,,,,,5765.0,,,,,,,,,,,,,,,,,,,,,,,,,,,,,,,,,,,7644.0,,,,,,,,,,,,,,,,,,,,,,,,,,,,,,,,,,,,,,,,,,,,,,,,,,,,,,,,,,,,,,,,,,,,,,,,,,,,,,,,,,,,,,,,,,,,,,,,,,,,,,,,,,,,,,,,,
,,,,,,,,,,,,,,,,,,,,,,,,,,,,,,,,,,,,,,,,,,,,,,,,,,,,,,,,,,,,,,,,,,,,,,,,,,,,,,,,,,,,,,,,,,,,,,,,,,,,,,,,,,,,,,,,,,,,,,,,,,,,,,,,,,,,,,,,,,,,,,,,,,,,,,,,,,,,,,,,,,,,,,,,,,,,,,,,,,,,,,,,,,,,,,,,,,,,,,,,,,,,,,,,,,,,,,,,,,,,,,,,,,,,,6905.0,,,,,,,,,,,,,,,,,,,,,,,,,,,,,,,,,,,,,,,,,,,,,,,,,,,,,,,,,,,,,,,,,,5158.0,,,,,,,,,,,,,,,,,,,,,,,,,,,,,,,,,,,,,,,,,,,,,,,,7499.0,,,,,,,,,,,,,,,,,,,,,,,,,,,,,,,,,,,,,,,,,,,,,,,,,,,,,,,,,,,,,,,,,,,,,,,,,,,,,,3517.0,,,,,,,,,,,,,,,,,,,,,,,,,,,,,,,,,,,,,,,,,,,,,,,,,,,,,,,,,,,,,,,,,,,,,,,,,,,,,,,,,,,,,,,,,,,,,,,,,,,,,,,,,,,,,,,,,,,,,,,,,,,,,,,,,,,,,,,,,,,,,,,,,,,,,,,,,,,,,,,,,,,,,,,,,,,,,,,,,,,,,,,,,,,,,,,,,,,,,,,,,,,,,,,,,,,,,,,,,,,,,,,,,,,,,,,,,,,,,,,,,,4228.0,,,,,,,,,,,,,,,,,,,,,,,,,,,,,12221.0,,,,,,,,,,,,,,,,,,,,,,,,,,,,,,,,,,,,,,,,,,,,,,,,,,,,,,,,,,,,,,,,,,,,,,,,,,,,,,,,,,,,,,,,,,,,12623.0,,,,,,,,,,,,,,,,,,,,,,,,,,,,,,,,,,,,,,,,,,,,,,,,,,,,,,,,,,,,,,,,,,,,,,,,,,,,,,,,,,,,,,,,,,,,,,,,,,,,,,,,,,,,,,,,,,,,,,,,,,,,,,,,,,,,,,,,,,,,,,,,,,,,,,,,,,,,,,12896.0,,,,,,,,,,,,,,,,,,,,,,,,,,,,,,,,,,,,,,,,,,15395.0,,,,,,,,,,,,,,,,,,,,,,,,,,,,,,,,,,,,,,,,,,,,,,,,,,,,,,,,,,,,,,,,,,,,,,,,,,,,,,,,,,,,,,,,,,,,,,,,,,,,,,,,,,,,,,,,,,,,,,,,,,,,,,,,,,,,,,,,,,,,,,,,,,,,,,,,,,,,,,,,,,,,,,,,,,,,,,,,,,,,,,,,,,,,,,,,,,,,,,,,,,,,,,,,,,,,,,,,,,,,,,,,,,,,,,,,,,,,,,,,,,,,,,,,,,,,,,,,,,,,,,,9289.0,,,,,,,,,,,,,,,,,,,,,,,,,,,,,,,,,,,,,,,,,,,,,,,,,,,,,,,,,,,,,,,,,,,,,,,,,,,,,,,,,,,,,,,,,,,,,,,,,,,,,,,,,,,,,,,,,,,,,,,,,,,,,,,,,,,,,,,,,,,,,,,,,,,,,,,,,,,,,,,,,,,,,,,,,,,,,,,,,,,,,,,,,,,,,,,,,,,,,,,,,,,,,,,,,,,,,,,,,,,,,,,,,,,,,,,,,,,,,,,,,,,,,,,,,,,,,,,,,,,,,,,,,,,,,,,,,,,,,,,,,,,,,,,,,,,,,,,,,,,,,,,,,,,,,,,,,,,,,,,,,,,,,,,,,,,,,,,,,,,,,,,,,,,,,,,,,,,,,,,,,,,,,,,,,,,,,,,,,,,,,,,,,,,,,,,,,,,,,,,,,,,,,,,,,,,,,,,,,,,,,,,,,,,,,,,,,,,,,,,,,,,,,,,,,,,,,,,,,,,14960.0,,,,,,,,,,,,,,,,,,,,,,,,,,,,,,,,,,,,,,,,,,,,,,,,,,,,,,,,,,,,,,,,,,,,,,,,,,,,,,,,,,,,,,11962.0,,,,,,,,,,,,,,,,,,,,,,,,,,,,,,,,,,,,,,,,,,,,,,,,,,,,,,,,,,,,,,,,,,,,,,,,,,,,,,,,,,,,,,,,,,,,,,,,,,,,,,,,,,,,,,,,,,,,,,,,,,,,,,,,,,,,,,,,,,,,,,,,,,,,,,,,,,,,,,,,,,,,,,,,,,,,,,,,,,,,,,,,,,,,,,,,,,,,,,,,,,,,,,,,,,,,,,,,,,,,,,,,,,,,,,,,,,,,,,,,,,,,,,,,,,,,,,,,,,,,,,,,,,,,,,,,,,,,,,,,,,,,,,,,,,,,,,,,,,,,,,,,,,,,,,,,,,,,,,,,,,,,,,,,,,,,,,,,,,,,,,,,,,,,,,,,,,,,,,,17010.0,,,,,,17684.0,,,,,,,,,,,,,,,,,,,,,,,,,,,,,15763.0,,,,,,,,,,,,,,,,,,,,,,,,,,,,,,,,,,,,,,,,,,,,,,,,,,,,,,,,,,,,,,,,,,,,,,,,,,,,,,,,,,,,,,,,,,,,,,,,,,,,,,,,,,,,,,,,,,,,,,,,,,,,,,,,,,,,,,,,,,,,,,,,,,,,,,,,,,,,,,,,,,,,,,,,,,,,,,,,,,,,,,,,,,,,,,,,,,,,,,,,,,,,,,,,,,,,,,,,,,,,,,,,,,,,,,,,,,,,,,,,,,,,,,,,,,,,,,,,,,,,,,,,,,,,,,,,,,,,,,,,,,,,,,,,,,,,,,,,,,,,,,,,,,,,,,,,,,,,,,,,,,,,,,,,,,,,,,,,,,,,,,,,,,,,,,,,,,,,,,,,,,,,,,,,,,,,,,,,,,,,,,,,,,,,,,,,,,,,,,,,,,,,,,,,,,,,,,,,,,,,,,,,,,,,,,,,,,,,,,,,,,,,,,,,,,,,,,,,,,,,,,,,,,,,,,,,,,,,,,,,,,,,,,,,,,,,,,,,,,8763.0,,,,,,,,,,,,,,,,,,,,,,,,,,,,,,,,,,,,,,,,,,,,,,,,,,,,,,,,,,,,,,,,,,,,,,,,,,,,,,,,,,,,,,,,,,,,,,,,,,,,,,,,,,,,,,,,,,,,,,,,,,,,,,,,,,,,,,,,,,,,,,,,,,,,,,,,,,,,,,,,,,,,,,,,,,,,,,,,,,,,,,,,,,,,,,,,,,,,,,,,,,,,,,,,,,,,,,,,,,,,,,,,,,,,,,,,,,,,,,,,,,,,,,,,,,,,,,,,,,,,,,,,,,,,,,,,,,,,,,,,,,14663.0,,,,,,,,,,,,,,,,,,,,,,,,,,,,,,,,,,,,,,,,,16738.0,,,,,,,,,,,,,,,,,,,,,,,,,,,,,,,,,,,,,,,,,,,,,,,,,,,,,,,,,,,,,,,,,,,,,,,,,,,,,,,,,,,,,,,,,,,,,,,,7609.0,,,,,,,,,,,,,,,,,,,,,,,,,,,,,,,,,,,,,,,,,,,,,,,,,,,,,,,,,,,,,,,,,8599.0,,,,,,,,,,,,,,,,,,,,,,,,,,,,,,,,,,,,,,,,,,,,,,,,,,,,,9952.0,,,,,,,,,,,,,,,,,,,,,,,,,,,,,,,,,,,,,,,,,,,,,,,,,,,,,,,,,,,,,,,,10869.0,,,,,,,,,,,,,,17581.0,,,,,,,,,,,,,,,,,,,,,,,,,,,,,,,,,,,,,,,,,,,,,,,,,,,,,,,,,,,,,,,,,,,,,,,,,,,,,,,,,,,,,,,,,,,,,,,,,,,,,,,,,,,,,,,,,,,,,,,,,,,,,,,,,,,,,,,,,,,,,,,,,,,,,,,,,,,,,,,,,,,,,,,,,,,,,,,,,,6296.0,,,,,,,,,,,,,,,,,,,,,,,,,,,,,,,,,,,,,,,,,,,,,,,,,,,,,,,,,,,,,,,,,,,,,,,,,,,,,,,,,,,,,,,,,,,,,,,,,,,,,,,,,,,,,,,,,,,,,,,,,,,,,,,,,,,,,,,,,,,,,,,,,,,,,,,,,,,,,,,,,,,,,,,,,,,,,,,,,,,,,,,,,,,,,,,,,,,,,,,,,,,,,,,,,,,,,,,,,,,,,,,,,,,,,,,,,,,,,,,,,,,,,,,,,,,,,,,,,,,,,,,,,,,,,,,,,,,,,,,,,,,,,,,,,,,,,,,,,,,,,,,,,,,,,,,,,,,,,,,,,,,,,,,,,,,,,,,,,,5724.0,,,,,,,,,,,,,,,,,,,,,,,,,,,,,,,,,,,,,,,,,,,,,,,,,,,,,,,,,,,,,,,,,,,,,,,,,,,,,,,,,,,,,,,,,,,,,,,,,,,,,,,,,,,,,,,,,,,,,,,,,,,,,,,,,,,,,,,,,,,,,,,,,,,,,,,,,,,,,,,,,,,,,,,,,,,,,,,,,,,,,,,,,,,,,,,,,,,,,,,,,,,,,,,,,,,,,,,,,,,,,,,,,,,,,,,,,,,,,,,,,,,,,,,,,,,,,,,,,,,,,,,,,,,,,,,,,,,,,,,,,,,,,,,,,,,,,,,,,,,,,,,,,,,,,,,,,,,,,,,,,,,,,,,,,,14672.0,,,,,,,,,,,,,,,,,,,,,,,,,,,,,,,,,,,,,,,,,,,,,,,,,,,,,,,,,,,,,,,,,,,,,,,,,,,,,,,,,,,,,,,,,,,,,,,,,,,,,,,,,,,,,,,,,,,,,,,,,,,,,,,,,,,,,,,,,,,,,,,,,,,,,,,,,,,,,,,,,,,,,,,,,,,,,,,,,,,,,,,,,,,,8303.0,,,,,,,,,,,,,,,,,,,,,,,,,,,,,,,,,,,,,,,,,,,,,,,,,,,,,,,,,,,,,,,,,,,,,,,,,,,,,,,,,,,,,,,,,,,,,,,,,,,,,,,,,,,,,,,,,,,,,,,,,,,,,,,,,,,,,,,,,,,,,,,6716.0,,,,,,,,,,,,,,,,,,,,,,,,,,,,,,,,,,,,,,,,,,,,,,,,,,,,,,,,,,,,,,,,,,,,,,,,,,,,,,,,,,,,,,,,,,,,,,,,,,,,,,,,,,,,,,,,,,,,,,,,,,,,,,,,,,,,,,,,,,,,,,,,,,,,,,,,,,,,,,,,,,,,,,,,,,,,,,,,,,,,,,,,,,,,,,,,,,,,,,,,,,,,,,,,,,,,,,,,,,,,,,,,,,,,,,,,,,,,,,,,,,,,,,,,,,,,,,,,,,,,,,,,,,,,,,,,,,,,,,,,,,,,,,,,,,,,,,,,,,,,,,,,,,,,,,,,,,,,,,,,,,,,,,,,,,,,,,,,,,,,,,,,,,,,,,,,,,,,,,,,,,,,,,,,,,,,,,,6559.0,,,,,,,,,,,,,,,,,,,,,,,,,,,,,,,,,,,9312.0,,,,,,,,,,,,,,,,,,,,,,,,,,,,,,,,,,,,,,,,,,,,,,,,,,,,,,,,,,,,,,,,,,,,,,,,,,,,,,,,,,,,,,,,,,,,,,,,,,,,,,,,,,,,,,,,,
,,,,,,,,,,,,,,,,,,,,,,,,,,,,,,,,,,,,,,,,,,,,,,,,,,,,,,,,,,,,,,,,,,,,,,,,,,,,,,,,,,,,,,,,,,,,,,,,,,,,,,,,,,,,,,,,,,,,,,,,,,,,,,,,,,,,,,,,,,,,,,,,,,,,,,,,,,,,,,,,,,,,,,,,,,,,,,,,,,,,,,,,,,,,,,,,,,,,,,,,,,,,,,,,,,,,,,,,,,,,,,,,,,,,,10256.0,,,,,,,,,,,,,,,,,,,,,,,,,,,,,,,,,,,,,,,,,,,,,,,,,,,,,,,,,,,,,,,,,,5880.0,,,,,,,,,,,,,,,,,,,,,,,,,,,,,,,,,,,,,,,,,,,,,,,,10044.0,,,,,,,,,,,,,,,,,,,,,,,,,,,,,,,,,,,,,,,,,,,,,,,,,,,,,,,,,,,,,,,,,,,,,,,,,,,,,,3917.0,,,,,,,,,,,,,,,,,,,,,,,,,,,,,,,,,,,,,,,,,,,,,,,,,,,,,,,,,,,,,,,,,,,,,,,,,,,,,,,,,,,,,,,,,,,,,,,,,,,,,,,,,,,,,,,,,,,,,,,,,,,,,,,,,,,,,,,,,,,,,,,,,,,,,,,,,,,,,,,,,,,,,,,,,,,,,,,,,,,,,,,,,,,,,,,,,,,,,,,,,,,,,,,,,,,,,,,,,,,,,,,,,,,,,,,,,,,,,,,,,,4300.0,,,,,,,,,,,,,,,,,,,,,,,,,,,,,13171.0,,,,,,,,,,,,,,,,,,,,,,,,,,,,,,,,,,,,,,,,,,,,,,,,,,,,,,,,,,,,,,,,,,,,,,,,,,,,,,,,,,,,,,,,,,,,14000.0,,,,,,,,,,,,,,,,,,,,,,,,,,,,,,,,,,,,,,,,,,,,,,,,,,,,,,,,,,,,,,,,,,,,,,,,,,,,,,,,,,,,,,,,,,,,,,,,,,,,,,,,,,,,,,,,,,,,,,,,,,,,,,,,,,,,,,,,,,,,,,,,,,,,,,,,,,,,,,13397.0,,,,,,,,,,,,,,,,,,,,,,,,,,,,,,,,,,,,,,,,,,15929.0,,,,,,,,,,,,,,,,,,,,,,,,,,,,,,,,,,,,,,,,,,,,,,,,,,,,,,,,,,,,,,,,,,,,,,,,,,,,,,,,,,,,,,,,,,,,,,,,,,,,,,,,,,,,,,,,,,,,,,,,,,,,,,,,,,,,,,,,,,,,,,,,,,,,,,,,,,,,,,,,,,,,,,,,,,,,,,,,,,,,,,,,,,,,,,,,,,,,,,,,,,,,,,,,,,,,,,,,,,,,,,,,,,,,,,,,,,,,,,,,,,,,,,,,,,,,,,,,,,,,,,,9312.0,,,,,,,,,,,,,,,,,,,,,,,,,,,,,,,,,,,,,,,,,,,,,,,,,,,,,,,,,,,,,,,,,,,,,,,,,,,,,,,,,,,,,,,,,,,,,,,,,,,,,,,,,,,,,,,,,,,,,,,,,,,,,,,,,,,,,,,,,,,,,,,,,,,,,,,,,,,,,,,,,,,,,,,,,,,,,,,,,,,,,,,,,,,,,,,,,,,,,,,,,,,,,,,,,,,,,,,,,,,,,,,,,,,,,,,,,,,,,,,,,,,,,,,,,,,,,,,,,,,,,,,,,,,,,,,,,,,,,,,,,,,,,,,,,,,,,,,,,,,,,,,,,,,,,,,,,,,,,,,,,,,,,,,,,,,,,,,,,,,,,,,,,,,,,,,,,,,,,,,,,,,,,,,,,,,,,,,,,,,,,,,,,,,,,,,,,,,,,,,,,,,,,,,,,,,,,,,,,,,,,,,,,,,,,,,,,,,,,,,,,,,,,,,,,,,,,,,,,,,,,,,,,,,,,,,,,,,,,,,,,,,,,,,,,,,,,,,,,,,,,,,,,,,,,,,,,,,,,,,,,,,,,,,,,,,,,,,,,,,,,,,,,12262.0,,,,,,,,,,,,,,,,,,,,,,,,,,,,,,,,,,,,,,,,,,,,,,,,,,,,,,,,,,,,,,,,,,,,,,,,,,,,,,,,,,,,,,,,,,,,,,,,,,,,,,,,,,,,,,,,,,,,,,,,,,,,,,,,,,,,,,,,,,,,,,,,,,,,,,,,,,,,,,,,,,,,,,,,,,,,,,,,,,,,,,,,,,,,,,,,,,,,,,,,,,,,,,,,,,,,,,,,,,,,,,,,,,,,,,,,,,,,,,,,,,,,,,,,,,,,,,,,,,,,,,,,,,,,,,,,,,,,,,,,,,,,,,,,,,,,,,,,,,,,,,,,,,,,,,,,,,,,,,,,,,,,,,,,,,,,,,,,,,,,,,,,,,,,,,,,,,,,,,,,,,,,,,,,,,,,,,,,,,,,,,,,,,,,,,,,,,18123.0,,,,,,,,,,,,,,,,,,,,,,,,,,,,,,,,,,,,,,,,,,,,,,,,,,,,,,,,,,,,,,,,,,,,,,,,,,,,,,,,,,,,,,,,,,,,,,,,,,,,,,,,,,,,,,,,,,,,,,,,,,,,,,,,,,,,,,,,,,,,,,,,,,,,,,,,,,,,,,,,,,,,,,,,,,,,,,,,,,,,,,,,,,,,,,,,,,,,,,,,,,,,,,,,,,,,,,,,,,,,,,,,,,,,,,,,,,,,,,,,,,,,,,,,,,,,,,,,,,,,,,,,,,,,,,,,,,,,,,,,,,,,,,,,,,,,,,,,,,,,,,,,,,,,,,,,,,,,,,,,,,,,,,,,,,,,,,,,,,,,,,,,,,,,,,,,,,,,,,,,,,,,,,,,,,,,,,,,,,,,,,,,,,,,,,,,,,,,,,,,,,,,,,,,,,,,,,,,,,,,,,,,,,,,,,,,,,,,,,,,,,,,,,,,,,,,,,,,,,,,,,,,,,,,,,,,,,,,,,,,,,,,,,,,,,,,,,,,,,9312.0,,,,,,,,,,,,,,,,,,,,,,,,,,,,,,,,,,,,,,,,,,,,,,,,,,,,,,,,,,,,,,,,,,,,,,,,,,,,,,,,,,,,,,,,,,,,,,,,,,,,,,,,,,,,,,,,,,,,,,,,,,,,,,,,,,,,,,,,,,,,,,,,,,,,,,,,,,,,,,,,,,,,,,,,,,,,,,,,,,,,,,,,,,,,,,,,,,,,,,,,,,,,,,,,,,,,,,,,,,,,,,,,,,,,,,,,,,,,,,,,,,,,,,,,,,,,,,,,,,,,,,,,,,,,,,,,,,,,,,,,,,15289.0,,,,,,,,,,,,,,,,,,,,,,,,,,,,,,,,,,,,,,,,,,,,,,,,,,,,,,,,,,,,,,,,,,,,,,,,,,,,,,,,,,,,,,,,,,,,,,,,,,,,,,,,,,,,,,,,,,,,,,,,,,,,,,,,,,,,,,,,,8649.0,,,,,,,,,,,,,,,,,,,,,,,,,,,,,,,,,,,,,,,,,,,,,,,,,,,,,,,,,,,,,,,,,8913.0,,,,,,,,,,,,,,,,,,,,,,,,,,,,,,,,,,,,,,,,,,,,,,,,,,,,,11972.0,,,,,,,,,,,,,,,,,,,,,,,,,,,,,,,,,,,,,,,,,,,,,,,,,,,,,,,,,,,,,,,,14380.0,,,,,,,,,,,,,,17956.0,,,,,,,,,,,,,,,,,,,,,,,,,,,,,,,,,,,,,,,,,,,,,,,,,,,,,,,,,,,,,,,,,,,,,,,,,,,,,,,,,,,,,,,,,,,,,,,,,,,,,,,,,,,,,,,,,,,,,,,,,,,,,,,,,,,,,,,,,,,,,,,,,,,,,,,,,,,,,,,,,,,,,,,,,,,,,,,,,,6716.0,,,,,,,,,,,,,,,,,,,,,,,,,,,,,,,,,,,,,,,,,,,,,,,,,,,,,,,,,,,,,,,,,,,,,,,,,,,,,,,,,,,,,,,,,,,,,,,,,,,,,,,,,,,,,,,,,,,,,,,,,,,,,,,,,,,,,,,,,,,,,,,,,,,,,,,,,,,,,,,,,,,,,,,,,,,,,,,,,,,,,,,,,,,,,,,,,,,,,,,,,,,,,,,,,,,,,,,,,,,,,,,,,,,,,,,,,,,,,,,,,,,,,,,,,,,,,,,,,,,,,,,,,,,,,,,,,,,,,,,,,,,,,,,,,,,,,,,,,,,,,,,,,,,,,,,,,,,,,,,,,,,,,,,,,,,,,,,,,,6227.0,,,,,,,,,,,,,,,,,,,,,,,,,,,,,,,,,,,,,,,,,,,,,,,,,,,,,,,,,,,,,,,,,,,,,,,,,,,,,,,,,,,,,,,,,,,,,,,,,,,,,,,,,,,,,,,,,,,,,,,,,,,,,,,,,,,,,,,,,,,,,,,,,,,,,,,,,,,,,,,,,,,,,,,,,,,,,,,,,,,,,,,,,,,,,,,,,,,,,,,,,,,,,,,,,,,,,,,,,,,,,,,,,,,,,,,,,,,,,,,,,,,,,,,,,,,,,,,,,,,,,,,,,,,,,,,,,,,,,,,,,,,,,,,,,,,,,,,,,,,,,,,,,,,,,,,,,,,,,,,,,,,,,,,,,,,,,,,,,,,,,,,,,,,,,,,,,,,,,,,,,,,,,,,,,,,,,,,,,,,,,,,,,,,,,,,,,,,,,,,,,,,,,,,,,,,,,,,,,,,,,,,,,,,,,,,,,,,,,,,,,,,,,,,,,,,,,,,,,,,,,,,,,,,,,,,,,,,,,,,,,,,,,,,,,,,,,,,,,,,,,,,,,,,,,,,,,,,,,,10887.0,,,,,,,,,,,,,,,,,,,,,,,,,,,,,,,,,,,,,,,,,,,,,,,,,,,,,,,,,,,,,,,,,,,,,,,,,,,,,,,,,,,,,,,,,,,,,,,,,,,,,,,,,,,,,,,,,,,,,,,,,,,,,,,,,,,,,,,,,,,,,,,9940.0,,,,,,,,,,,,,,,,,,,,,,,,,,,,,,,,,,,,,,,,,,,,,,,,,,,,,,,,,,,,,,,,,,,,,,,,,,,,,,,,,,,,,,,,,,,,,,,,,,,,,,,,,,,,,,,,,,,,,,,,,,,,,,,,,,,,,,,,,,,,,,,,,,,,,,,,,,,,,,,,,,,,,,,,,,,,,,,,,,,,,,,,,,,,,,,,,,,,,,,,,,,,,,,,,,,,,,,,,,,,,,,,,,,,,,,,,,,,,,,,,,,,,,,,,,,,,,,,,,,,,,,,,,,,,,,,,,,,,,,,,,,,,,,,,,,,,,,,,,,,,,,,,,,,,,,,,,,,,,,,,,,,,,,,,,,,,,,,,,,,,,,,,,,,,,,,,,,,,,,,,,,,,,,,,,,,,,,6563.0,,,,,,,,,,,,,,,,,,,,,,,,,,,,,,,,,,,10256.0,,,,,,,,,,,,,,,,,,,,,,,,,,,,,,,,,,,,,,,,,,,,,,,,,,,,,,,,,,,,,,,,,,,,,,,,,,,,,,,,,,,,,,,,,,,,,,,,,,,,,,,,,,,,,,,,,
,,,,,,,,,,,,,,,,,,,,,,,,,,,,,,,,,,,,,,,,,,,,,,,,,,,,,,,,,,,,,,,,,,,,,,,,,,,,,,,,,,,,,,,,,,,,,,,,,,,,,,,,,,,,,,,,,,,,,,,,,,,,,,,,,,,,,,,,,,,,,,,,,,,,,,,,,,,,,,,,,,,,,,,,,,,,,,,,,,,,,,,,,,,,,,,,,,,,,,,,,,,,,,,,,,,,,,,,,,,,,,,,,,,,,10603.0,,,,,,,,,,,,,,,,,,,,,,,,,,,,,,,,,,,,,,,,,,,,,,,,,,,,,,,,,,,,,,,,,,7644.0,,,,,,,,,,,,,,,,,,,,,,,,,,,,,,,,,,,,,,,,,,,,,,,,10772.0,,,,,,,,,,,,,,,,,,,,,,,,,,,,,,,,,,,,,,,,,,,,,,,,,,,,,,,,,,,,,,,,,,,,,,,,,,,,,,3928.0,,,,,,,,,,,,,,,,,,,,,,,,,,,,,,,,,,,,,,,,,,,,,,,,,,,,,,,,,,,,,,,,,,,,,,,,,,,,,,,,,,,,,,,,,,,,,,,,,,,,,,,,,,,,,,,,,,,,,,,,,,,,,,,,,,,,,,,,,,,,,,,,,,,,,,,,,,,,,,,,,,,,,,,,,,,,,,,,,,,,,,,,,,,,,,,,,,,,,,,,,,,,,,,,,,,,,,,,,,,,,,,,,,,,,,,,,,,,,,,,,,4451.0,,,,,,,,,,,,,,,,,,,,,,,,,,,,,15976.0,,,,,,,,,,,,,,,,,,,,,,,,,,,,,,,,,,,,,,,,,,,,,,,,,,,,,,,,,,,,,,,,,,,,,,,,,,,,,,,,,,,,,,,,,,,,14257.0,,,,,,,,,,,,,,,,,,,,,,,,,,,,,,,,,,,,,,,,,,,,,,,,,,,,,,,,,,,,,,,,,,,,,,,,,,,,,,,,,,,,,,,,,,,,,,,,,,,,,,,,,,,,,,,,,,,,,,,,,,,,,,,,,,,,,,,,,,,,,,,,,,,,,,,,,,,,,,15898.0,,,,,,,,,,,,,,,,,,,,,,,,,,,,,,,,,,,,,,,,,,,,,,,,,,,,,,,,,,,,,,,,,,,,,,,,,,,,,,,,,,,,,,,,,,,,,,,,,,,,,,,,,,,,,,,,,,,,,,,,,,,,,,,,,,,,,,,,,,,,,,,,,,,,,,,,,,,,,,,,,,,,,,,,,,,,,,,,,,,,,,,,,,,,,,,,,,,,,,,,,,,,,,,,,,,,,,,,,,,,,,,,,,,,,,,,,,,,,,,,,,,,,,,,,,,,,,,,,,,,,,,,,,,,,,,,,,,,,,,,,,,,,,,,,,,,,,,,,,,,,,,,,9617.0,,,,,,,,,,,,,,,,,,,,,,,,,,,,,,,,,,,,,,,,,,,,,,,,,,,,,,,,,,,,,,,,,,,,,,,,,,,,,,,,,,,,,,,,,,,,,,,,,,,,,,,,,,,,,,,,,,,,,,,,,,,,,,,,,,,,,,,,,,,,,,,,,,,,,,,,,,,,,,,,,,,,,,,,,,,,,,,,,,,,,,,,,,,,,,,,,,,,,,,,,,,,,,,,,,,,,,,,,,,,,,,,,,,,,,,,,,,,,,,,,,,,,,,,,,,,,,,,,,,,,,,,,,,,,,,,,,,,,,,,,,,,,,,,,,,,,,,,,,,,,,,,,,,,,,,,,,,,,,,,,,,,,,,,,,,,,,,,,,,,,,,,,,,,,,,,,,,,,,,,,,,,,,,,,,,,,,,,,,,,,,,,,,,,,,,,,,,,,,,,,,,,,,,,,,,,,,,,,,,,,,,,,,,,,,,,,,,,,,,,,,,,,,,,,,,,,,,,,,,,,,,,,,,,,,,,,,,,,,,,,,,,,,,,,,,,,,,,,,,,,,,,,,,,,,,,,,,,,,,,,,,,,,,,,,,,,,,,,,,,,,,,,12271.0,,,,,,,,,,,,,,,,,,,,,,,,,,,,,,,,,,,,,,,,,,,,,,,,,,,,,,,,,,,,,,,,,,,,,,,,,,,,,,,,,,,,,,,,,,,,,,,,,,,,,,,,,,,,,,,,,,,,,,,,,,,,,,,,,,,,,,,,,,,,,,,,,,,,,,,,,,,,,,,,,,,,,,,,,,,,,,,,,,,,,,,,,,,,,,,,,,,,,,,,,,,,,,,,,,,,,,,,,,,,,,,,,,,,,,,,,,,,,,,,,,,,,,,,,,,,,,,,,,,,,,,,,,,,,,,,,,,,,,,,,,,,,,,,,,,,,,,,,,,,,,,,,,,,,,,,,,,,,,,,,,,,,,,,,,,,,,,,,,,,,,,,,,,,,,,,,,,,,,,,,,,,,,,,,,,,,,,,,,,,,,,,,,,,,,,,,,,,,,,,,,,,,,,,,,,,,,,,,,,,,,,,,,,,,,,,,,,,,,,,,,,,,,,,,,,,,,,,,,,,,,,,,,,,,,,,,,,,,,,,,,,,,,,,,,,,,,,,,,,,,,,,,,,,,,,,,,,,,,,,,,,,,,,,,,,,,,,,,,,,,,,,,,,,,,,,,,,,,,,,,,,,,,,,,,,,,,,,,,,,,,,,,,,,,,,,,,,,,,,,,,,,,,,,,,,,,,,,,,,,,,,,,,,,,,,,,,,,,,,,,,,,,,,,,,,,,,,,,,,,,,,,,,,,,,,,,,,,,,,,,,,,,,,,,,,,,,,,,,,,,,,,,,,,,,,,,,,,,,,,,,,,,,,,,,,,,,,,,,,,,,,,,,,,,,,,,,,,,,,,,,,,,,,,,,,,,,,,,,,,,,,,,,,,,,,,,,,,,,,,,,,,,,,,,,,,,,,,,,,,,,,,,,,,,,,,,,,,,,,,,,,,,,,,,,,,,,,,,,,,,,,,,,,,,,,,,,,,,,,,,,,,,,,,,,,,11937.0,,,,,,,,,,,,,,,,,,,,,,,,,,,,,,,,,,,,,,,,,,,,,,,,,,,,,,,,,,,,,,,,,,,,,,,,,,,,,,,,,,,,,,,,,,,,,,,,,,,,,,,,,,,,,,,,,,,,,,,,,,,,,,,,,,,,,,,,,,,,,,,,,,,,,,,,,,,,,,,,,,,,,,,,,,,,,,,,,,,,,,,,,,,,,,,,,,,,,,,,,,,,,,,,,,,,,,,,,,,,,,,,,,,,,,,,,,,,,,,,,,,,,,,,,,,,,,,,,,,,,,,,,,,,,,,,,,,,,,,,,,17377.0,,,,,,,,,,,,,,,,,,,,,,,,,,,,,,,,,,,,,,,,,,,,,,,,,,,,,,,,,,,,,,,,,,,,,,,,,,,,,,,,,,,,,,,,,,,,,,,,,,,,,,,,,,,,,,,,,,,,,,,,,,,,,,,,,,,,,,,,,10012.0,,,,,,,,,,,,,,,,,,,,,,,,,,,,,,,,,,,,,,,,,,,,,,,,,,,,,,,,,,,,,,,,,10440.0,,,,,,,,,,,,,,,,,,,,,,,,,,,,,,,,,,,,,,,,,,,,,,,,,,,,,13732.0,,,,,,,,,,,,,,,,,,,,,,,,,,,,,,,,,,,,,,,,,,,,,,,,,,,,,,,,,,,,,,,,16247.0,,,,,,,,,,,,,,,,,,,,,,,,,,,,,,,,,,,,,,,,,,,,,,,,,,,,,,,,,,,,,,,,,,,,,,,,,,,,,,,,,,,,,,,,,,,,,,,,,,,,,,,,,,,,,,,,,,,,,,,,,,,,,,,,,,,,,,,,,,,,,,,,,,,,,,,,,,,,,,,,,,,,,,,,,,,,,,,,,,,,,,,,,,,,,,,,6847.0,,,,,,,,,,,,,,,,,,,,,,,,,,,,,,,,,,,,,,,,,,,,,,,,,,,,,,,,,,,,,,,,,,,,,,,,,,,,,,,,,,,,,,,,,,,,,,,,,,,,,,,,,,,,,,,,,,,,,,,,,,,,,,,,,,,,,,,,,,,,,,,,,,,,,,,,,,,,,,,,,,,,,,,,,,,,,,,,,,,,,,,,,,,,,,,,,,,,,,,,,,,,,,,,,,,,,,,,,,,,,,,,,,,,,,,,,,,,,,,,,,,,,,,,,,,,,,,,,,,,,,,,,,,,,,,,,,,,,,,,,,,,,,,,,,,,,,,,,,,,,,,,,,,,,,,,,,,,,,,,,,,,,,,,,,,,,,,,,,7705.0,,,,,,,,,,,,,,,,,,,,,,,,,,,,,,,,,,,,,,,,,,,,,,,,,,,,,,,,,,,,,,,,,,,,,,,,,,,,,,,,,,,,,,,,,,,,,,,,,,,,,,,,,,,,,,,,,,,,,,,,,,,,,,,,,,,,,,,,,,,,,,,,,,,,,,,,,,,,,,,,,,,,,,,,,,,,,,,,,,,,,,,,,,,,,,,,,,,,,,,,,,,,,,,,,,,,,,,,,,,,,,,,,,,,,,,,,,,,,,,,,,,,,,,,,,,,,,,,,,,,,,,,,,,,,,,,,,,,,,,,,,,,,,,,,,,,,,,,,,,,,,,,,,,,,,,,,,,,,,,,,,,,,,,,,,,,,,,,,,,,,,,,,,,,,,,,,,,,,,,,,,,,,,,,,,,,,,,,,,,,,,,,,,,,,,,,,,,,,,,,,,,,,,,,,,,,,,,,,,,,,,,,,,,,,,,,,,,,,,,,,,,,,,,,,,,,,,,,,,,,,,,,,,,,,,,,,,,,,,,,,,,,,,,,,,,,,,,,,,,,,,,,,,,,,,,,,,,,,,11300.0,,,,,,,,,,,,,,,,,,,,,,,,,,,,,,,,,,,,,,,,,,,,,,,,,,,,,,,,,,,,,,,,,,,,,,,,,,,,,,,,,,,,,,,,,,,,,,,,,,,,,,,,,,,,,,,,,,,,,,,,,,,,,,,,,,,,,,,,,,,,,,,10104.0,,,,,,,,,,,,,,,,,,,,,,,,,,,,,,,,,,,,,,,,,,,,,,,,,,,,,,,,,,,,,,,,,,,,,,,,,,,,,,,,,,,,,,,,,,,,,,,,,,,,,,,,,,,,,,,,,,,,,,,,,,,,,,,,,,,,,,,,,,,,,,,,,,,,,,,,,,,,,,,,,,,,,,,,,,,,,,,,,,,,,,,,,,,,,,,,,,,,,,,,,,,,,,,,,,,,,,,,,,,,,,,,,,,,,,,,,,,,,,,,,,,,,,,,,,,,,,,,,,,,,,,,,,,,,,,,,,,,,,,,,,,,,,,,,,,,,,,,,,,,,,,,,,,,,,,,,,,,,,,,,,,,,,,,,,,,,,,,,,,,,,,,,,,,,,,,,,,,,,,,,,,,,,,,,,,,,,,10663.0,,,,,,,,,,,,,,,,,,,,,,,,,,,,,,,,,,,10798.0,,,,,,,,,,,,,,,,,,,,,,,,,,,,,,,,,,,,,,,,,,,,,,,,,,,,,,,,,,,,,,,,,,,,,,,,,,,,,,,,,,,,,,,,,,,,,,,,,,,,,,,,,,,,,,,,,
,,,,,,,,,,,,,,,,,,,,,,,,,,,,,,,,,,,,,,,,,,,,,,,,,,,,,,,,,,,,,,,,,,,,,,,,,,,,,,,,,,,,,,,,,,,,,,,,,,,,,,,,,,,,,,,,,,,,,,,,,,,,,,,,,,,,,,,,,,,,,,,,,,,,,,,,,,,,,,,,,,,,,,,,,,,,,,,,,,,,,,,,,,,,,,,,,,,,,,,,,,,,,,,,,,,,,,,,,,,,,,,,,,,,,11158.0,,,,,,,,,,,,,,,,,,,,,,,,,,,,,,,,,,,,,,,,,,,,,,,,,,,,,,,,,,,,,,,,,,9360.0,,,,,,,,,,,,,,,,,,,,,,,,,,,,,,,,,,,,,,,,,,,,,,,,11531.0,,,,,,,,,,,,,,,,,,,,,,,,,,,,,,,,,,,,,,,,,,,,,,,,,,,,,,,,,,,,,,,,,,,,,,,,,,,,,,4152.0,,,,,,,,,,,,,,,,,,,,,,,,,,,,,,,,,,,,,,,,,,,,,,,,,,,,,,,,,,,,,,,,,,,,,,,,,,,,,,,,,,,,,,,,,,,,,,,,,,,,,,,,,,,,,,,,,,,,,,,,,,,,,,,,,,,,,,,,,,,,,,,,,,,,,,,,,,,,,,,,,,,,,,,,,,,,,,,,,,,,,,,,,,,,,,,,,,,,,,,,,,,,,,,,,,,,,,,,,,,,,,,,,,,,,,,,,,,,,,,,,,4567.0,,,,,,,,,,,,,,,,,,,,,,,,,,,,,16472.0,,,,,,,,,,,,,,,,,,,,,,,,,,,,,,,,,,,,,,,,,,,,,,,,,,,,,,,,,,,,,,,,,,,,,,,,,,,,,,,,,,,,,,,,,,,,14330.0,,,,,,,,,,,,,,,,,,,,,,,,,,,,,,,,,,,,,,,,,,,,,,,,,,,,,,,,,,,,,,,,,,,,,,,,,,,,,,,,,,,,,,,,,,,,,,,,,,,,,,,,,,,,,,,,,,,,,,,,,,,,,,,,,,,,,,,,,,,,,,,,,,,,,,,,,,,,,,17956.0,,,,,,,,,,,,,,,,,,,,,,,,,,,,,,,,,,,,,,,,,,,,,,,,,,,,,,,,,,,,,,,,,,,,,,,,,,,,,,,,,,,,,,,,,,,,,,,,,,,,,,,,,,,,,,,,,,,,,,,,,,,,,,,,,,,,,,,,,,,,,,,,,,,,,,,,,,,,,,,,,,,,,,,,,,,,,,,,,,,,,,,,,,,,,,,,,,,,,,,,,,,,,,,,,,,,,,,,,,,,,,,,,,,,,,,,,,,,,,,,,,,,,,,,,,,,,,,,,,,,,,,,,,,,,,,,,,,,,,,,,,,,,,,,,,,,,,,,,,,,,,,,,9816.0,,,,,,,,,,,,,,,,,,,,,,,,,,,,,,,,,,,,,,,,,,,,,,,,,,,,,,,,,,,,,,,,,,,,,,,,,,,,,,,,,,,,,,,,,,,,,,,,,,,,,,,,,,,,,,,,,,,,,,,,,,,,,,,,,,,,,,,,,,,,,,,,,,,,,,,,,,,,,,,,,,,,,,,,,,,,,,,,,,,,,,,,,,,,,,,,,,,,,,,,,,,,,,,,,,,,,,,,,,,,,,,,,,,,,,,,,,,,,,,,,,,,,,,,,,,,,,,,,,,,,,,,,,,,,,,,,,,,,,,,,,,,,,,,,,,,,,,,,,,,,,,,,,,,,,,,,,,,,,,,,,,,,,,,,,,,,,,,,,,,,,,,,,,,,,,,,,,,,,,,,,,,,,,,,,,,,,,,,,,,,,,,,,,,,,,,,,,,,,,,,,,,,,,,,,,,,,,,,,,,,,,,,,,,,,,,,,,,,,,,,,,,,,,,,,,,,,,,,,,,,,,,,,,,,,,,,,,,,,,,,,,,,,,,,,,,,,,,,,,,,,,,,,,,,,,,,,,,,,,,,,,,,,,,,,,,,,,,,,,,,,,,,12676.0,,,,,,,,,,,,,,,,,,,,,,,,,,,,,,,,,,,,,,,,,,,,,,,,,,,,,,,,,,,,,,,,,,,,,,,,,,,,,,,,,,,,,,,,,,,,,,,,,,,,,,,,,,,,,,,,,,,,,,,,,,,,,,,,,,,,,,,,,,,,,,,,,,,,,,,,,,,,,,,,,,,,,,,,,,,,,,,,,,,,,,,,,,,,,,,,,,,,,,,,,,,,,,,,,,,,,,,,,,,,,,,,,,,,,,,,,,,,,,,,,,,,,,,,,,,,,,,,,,,,,,,,,,,,,,,,,,,,,,,,,,,,,,,,,,,,,,,,,,,,,,,,,,,,,,,,,,,,,,,,,,,,,,,,,,,,,,,,,,,,,,,,,,,,,,,,,,,,,,,,,,,,,,,,,,,,,,,,,,,,,,,,,,,,,,,,,,,,,,,,,,,,,,,,,,,,,,,,,,,,,,,,,,,,,,,,,,,,,,,,,,,,,,,,,,,,,,,,,,,,,,,,,,,,,,,,,,,,,,,,,,,,,,,,,,,,,,,,,,,,,,,,,,,,,,,,,,,,,,,,,,,,,,,,,,,,,,,,,,,,,,,,,,,,,,,,,,,,,,,,,,,,,,,,,,,,,,,,,,,,,,,,,,,,,,,,,,,,,,,,,,,,,,,,,,,,,,,,,,,,,,,,,,,,,,,,,,,,,,,,,,,,,,,,,,,,,,,,,,,,,,,,,,,,,,,,,,,,,,,,,,,,,,,,,,,,,,,,,,,,,,,,,,,,,,,,,,,,,,,,,,,,,,,,,,,,,,,,,,,,,,,,,,,,,,,,,,,,,,,,,,,,,,,,,,,,,,,,,,,,,,,,,,,,,,,,,,,,,,,,,,,,,,,,,,,,,,,,,,,,,,,,,,,,,,,,,,,,,,,,,,,,,,,,,,,,,,,,,,,,,,,,,,,,,,,,,,,,,,,,,,,,,,,,,,,,12208.0,,,,,,,,,,,,,,,,,,,,,,,,,,,,,,,,,,,,,,,,,,,,,,,,,,,,,,,,,,,,,,,,,,,,,,,,,,,,,,,,,,,,,,,,,,,,,,,,,,,,,,,,,,,,,,,,,,,,,,,,,,,,,,,,,,,,,,,,,,,,,,,,,,,,,,,,,,,,,,,,,,,,,,,,,,,,,,,,,,,,,,,,,,,,,,,,,,,,,,,,,,,,,,,,,,,,,,,,,,,,,,,,,,,,,,,,,,,,,,,,,,,,,,,,,,,,,,,,,,,,,,,,,,,,,,,,,,,,,,,,,,,,,,,,,,,,,,,,,,,,,,,,,,,,,,,,,,,,,,,,,,,,,,,,,,,,,,,,,,,,,,,,,,,,,,,,,,,,,,,,,,,,,,,,,,,,,,,,,,,,,,,,,,,,,,,,,,,,,,,,,,,,,,,,,,,,,,,,,,,10656.0,,,,,,,,,,,,,,,,,,,,,,,,,,,,,,,,,,,,,,,,,,,,,,,,,,,,,,,,,,,,,,,,,10643.0,,,,,,,,,,,,,,,,,,,,,,,,,,,,,,,,,,,,,,,,,,,,,,,,,,,,,14102.0,,,,,,,,,,,,,,,,,,,,,,,,,,,,,,,,,,,,,,,,,,,,,,,,,,,,,,,,,,,,,,,,16933.0,,,,,,,,,,,,,,,,,,,,,,,,,,,,,,,,,,,,,,,,,,,,,,,,,,,,,,,,,,,,,,,,,,,,,,,,,,,,,,,,,,,,,,,,,,,,,,,,,,,,,,,,,,,,,,,,,,,,,,,,,,,,,,,,,,,,,,,,,,,,,,,,,,,,,,,,,,,,,,,,,,,,,,,,,,,,,,,,,,,,,,,,,,,,,,,,6928.0,,,,,,,,,,,,,,,,,,,,,,,,,,,,,,,,,,,,,,,,,,,,,,,,,,,,,,,,,,,,,,,,,,,,,,,,,,,,,,,,,,,,,,,,,,,,,,,,,,,,,,,,,,,,,,,,,,,,,,,,,,,,,,,,,,,,,,,,,,,,,,,,,,,,,,,,,,,,,,,,,,,,,,,,,,,,,,,,,,,,,,,,,,,,,,,,,,,,,,,,,,,,,,,,,,,,,,,,,,,,,,,,,,,,,,,,,,,,,,,,,,,,,,,,,,,,,,,,,,,,,,,,,,,,,,,,,,,,,,,,,,,,,,,,,,,,,,,,,,,,,,,,,,,,,,,,,,,,,,,,,,,,,,,,,,,,,,,,,,7800.0,,,,,,,,,,,,,,,,,,,,,,,,,,,,,,,,,,,,,,,,,,,,,,,,,,,,,,,,,,,,,,,,,,,,,,,,,,,,,,,,,,,,,,,,,,,,,,,,,,,,,,,,,,,,,,,,,,,,,,,,,,,,,,,,,,,,,,,,,,,,,,,,,,,,,,,,,,,,,,,,,,,,,,,,,,,,,,,,,,,,,,,,,,,,,,,,,,,,,,,,,,,,,,,,,,,,,,,,,,,,,,,,,,,,,,,,,,,,,,,,,,,,,,,,,,,,,,,,,,,,,,,,,,,,,,,,,,,,,,,,,,,,,,,,,,,,,,,,,,,,,,,,,,,,,,,,,,,,,,,,,,,,,,,,,,,,,,,,,,,,,,,,,,,,,,,,,,,,,,,,,,,,,,,,,,,,,,,,,,,,,,,,,,,,,,,,,,,,,,,,,,,,,,,,,,,,,,,,,,,,,,,,,,,,,,,,,,,,,,,,,,,,,,,,,,,,,,,,,,,,,,,,,,,,,,,,,,,,,,,,,,,,,,,,,,,,,,,,,,,,,,,,,,,,,,,,,,,,,,14145.0,,,,,,,,,,,,,,,,,,,,,,,,,,,,,,,,,,,,,,,,,,,,,,,,,,,,,,,,,,,,,,,,,,,,,,,,,,,,,,,,,,,,,,,,,,,,,,,,,,,,,,,,,,,,,,,,,,,,,,,,,,,,,,,,,,,,,,,,,,,,,,,10304.0,,,,,,,,,,,,,,,,,,,,,,,,,,,,,,,,,,,,,,,,,,,,,,,,,,,,,,,,,,,,,,,,,,,,,,,,,,,,,,,,,,,,,,,,,,,,,,,,,,,,,,,,,,,,,,,,,,,,,,,,,,,,,,,,,,,,,,,,,,,,,,,,,,,,,,,,,,,,,,,,,,,,,,,,,,,,,,,,,,,,,,,,,,,,,,,,,,,,,,,,,,,,,,,,,,,,,,,,,,,,,,,,,,,,,,,,,,,,,,,,,,,,,,,,,,,,,,,,,,,,,,,,,,,,,,,,,,,,,,,,,,,,,,,,,,,,,,,,,,,,,,,,,,,,,,,,,,,,,,,,,,,,,,,,,,,,,,,,,,,,,,,,,,,,,,,,,,,,,,,,,,,,,,,,,,,,,,,14173.0,,,,,,,,,,,,,,,,,,,,,,,,,,,,,,,,,,,11436.0,,,,,,,,,,,,,,,,,,,,,,,,,,,,,,,,,,,,,,,,,,,,,,,,,,,,,,,,,,,,,,,,,,,,,,,,,,,,,,,,,,,,,,,,,,,,,,,,,,,,,,,,,,,,,,,,,
,,,,,,,,,,,,,,,,,,,,,,,,,,,,,,,,,,,,,,,,,,,,,,,,,,,,,,,,,,,,,,,,,,,,,,,,,,,,,,,,,,,,,,,,,,,,,,,,,,,,,,,,,,,,,,,,,,,,,,,,,,,,,,,,,,,,,,,,,,,,,,,,,,,,,,,,,,,,,,,,,,,,,,,,,,,,,,,,,,,,,,,,,,,,,,,,,,,,,,,,,,,,,,,,,,,,,,,,,,,,,,,,,,,,,11352.0,,,,,,,,,,,,,,,,,,,,,,,,,,,,,,,,,,,,,,,,,,,,,,,,,,,,,,,,,,,,,,,,,,9448.0,,,,,,,,,,,,,,,,,,,,,,,,,,,,,,,,,,,,,,,,,,,,,,,,11845.0,,,,,,,,,,,,,,,,,,,,,,,,,,,,,,,,,,,,,,,,,,,,,,,,,,,,,,,,,,,,,,,,,,,,,,,,,,,,,,4211.0,,,,,,,,,,,,,,,,,,,,,,,,,,,,,,,,,,,,,,,,,,,,,,,,,,,,,,,,,,,,,,,,,,,,,,,,,,,,,,,,,,,,,,,,,,,,,,,,,,,,,,,,,,,,,,,,,,,,,,,,,,,,,,,,,,,,,,,,,,,,,,,,,,,,,,,,,,,,,,,,,,,,,,,,,,,,,,,,,,,,,,,,,,,,,,,,,,,,,,,,,,,,,,,,,,,,,,,,,,,,,,,,,,,,,,,,,,,,,,,,,,4905.0,,,,,,,,,,,,,,,,,,,,,,,,,,,,,16914.0,,,,,,,,,,,,,,,,,,,,,,,,,,,,,,,,,,,,,,,,,,,,,,,,,,,,,,,,,,,,,,,,,,,,,,,,,,,,,,,,,,,,,,,,,,,,14760.0,,,,,,,,,,,,,,,,,,,,,,,,,,,,,,,,,,,,,,,,,,,,,,,,,,,,,,,,,,,,,,,,,,,,,,,,,,,,,,,,,,,,,,,,,,,,,,,,,,,,,,,,,,,,,,,,,,,,,,,,,,,,,,,,,,,,,,,,,,,,,,,,,,,,,,,,,,,,,,,,,,,,,,,,,,,,,,,,,,,,,,,,,,,,,,,,,,,,,,,,,,,,,,,,,,,,,,,,,,,,,,,,,,,,,,,,,,,,,,,,,,,,,,,,,,,,,,,,,,,,,,,,,,,,,,,,,,,,,,,,,,,,,,,,,,,,,,,,,,,,,,,,,,,,,,,,,,,,,,,,,,,,,,,,,,,,,,,,,,,,,,,,,,,,,,,,,,,,,,,,,,,,,,,,,,,,,,,,,,,,,,,,,,,,,,,,,,,,,,,,,,,,,,,,,,,,,,,,,,,,,,,,,,,,,,,,,,,,,,,,,,,,,,,,,,,,,,,,,,,,,,,9821.0,,,,,,,,,,,,,,,,,,,,,,,,,,,,,,,,,,,,,,,,,,,,,,,,,,,,,,,,,,,,,,,,,,,,,,,,,,,,,,,,,,,,,,,,,,,,,,,,,,,,,,,,,,,,,,,,,,,,,,,,,,,,,,,,,,,,,,,,,,,,,,,,,,,,,,,,,,,,,,,,,,,,,,,,,,,,,,,,,,,,,,,,,,,,,,,,,,,,,,,,,,,,,,,,,,,,,,,,,,,,,,,,,,,,,,,,,,,,,,,,,,,,,,,,,,,,,,,,,,,,,,,,,,,,,,,,,,,,,,,,,,,,,,,,,,,,,,,,,,,,,,,,,,,,,,,,,,,,,,,,,,,,,,,,,,,,,,,,,,,,,,,,,,,,,,,,,,,,,,,,,,,,,,,,,,,,,,,,,,,,,,,,,,,,,,,,,,,,,,,,,,,,,,,,,,,,,,,,,,,,,,,,,,,,,,,,,,,,,,,,,,,,,,,,,,,,,,,,,,,,,,,,,,,,,,,,,,,,,,,,,,,,,,,,,,,,,,,,,,,,,,,,,,,,,,,,,,,,,,,,,,,,,,,,,,,,,,,,,,,,,,,,,15383.0,,,,,,,,,,,,,,,,,,,,,,,,,,,,,,,,,,,,,,,,,,,,,,,,,,,,,,,,,,,,,,,,,,,,,,,,,,,,,,,,,,,,,,,,,,,,,,,,,,,,,,,,,,,,,,,,,,,,,,,,,,,,,,,,,,,,,,,,,,,,,,,,,,,,,,,,,,,,,,,,,,,,,,,,,,,,,,,,,,,,,,,,,,,,,,,,,,,,,,,,,,,,,,,,,,,,,,,,,,,,,,,,,,,,,,,,,,,,,,,,,,,,,,,,,,,,,,,,,,,,,,,,,,,,,,,,,,,,,,,,,,,,,,,,,,,,,,,,,,,,,,,,,,,,,,,,,,,,,,,,,,,,,,,,,,,,,,,,,,,,,,,,,,,,,,,,,,,,,,,,,,,,,,,,,,,,,,,,,,,,,,,,,,,,,,,,,,,,,,,,,,,,,,,,,,,,,,,,,,,,,,,,,,,,,,,,,,,,,,,,,,,,,,,,,,,,,,,,,,,,,,,,,,,,,,,,,,,,,,,,,,,,,,,,,,,,,,,,,,,,,,,,,,,,,,,,,,,,,,,,,,,,,,,,,,,,,,,,,,,,,,,,,,,,,,,,,,,,,,,,,,,,,,,,,,,,,,,,,,,,,,,,,,,,,,,,,,,,,,,,,,,,,,,,,,,,,,,,,,,,,,,,,,,,,,,,,,,,,,,,,,,,,,,,,,,,,,,,,,,,,,,,,,,,,,,,,,,,,,,,,,,,,,,,,,,,,,,,,,,,,,,,,,,,,,,,,,,,,,,,,,,,,,,,,,,,,,,,,,,,,,,,,,,,,,,,,,,,,,,,,,,,,,,,,,,,,,,,,,,,,,,,,,,,,,,,,,,,,,,,,,,,,,,,,,,,,,,,,,,,,,,,,,,,,,,,,,,,,,,,,,,,,,,,,,,,,,,,,,,,,,,,,,,,,,,,,,,,,,,,,,,,,,,,,,,,14663.0,,,,,,,,,,,,,,,,,,,,,,,,,,,,,,,,,,,,,,,,,,,,,,,,,,,,,,,,,,,,,,,,,,,,,,,,,,,,,,,,,,,,,,,,,,,,,,,,,,,,,,,,,,,,,,,,,,,,,,,,,,,,,,,,,,,,,,,,,,,,,,,,,,,,,,,,,,,,,,,,,,,,,,,,,,,,,,,,,,,,,,,,,,,,,,,,,,,,,,,,,,,,,,,,,,,,,,,,,,,,,,,,,,,,,,,,,,,,,,,,,,,,,,,,,,,,,,,,,,,,,,,,,,,,,,,,,,,,,,,,,,,,,,,,,,,,,,,,,,,,,,,,,,,,,,,,,,,,,,,,,,,,,,,,,,,,,,,,,,,,,,,,,,,,,,,,,,,,,,,,,,,,,,,,,,,,,,,,,,,,,,,,,,,,,,,,,,,,,,,,,,,,,,,,,,,,,,,,,,,11003.0,,,,,,,,,,,,,,,,,,,,,,,,,,,,,,,,,,,,,,,,,,,,,,,,,,,,,,,,,,,,,,,,,10762.0,,,,,,,,,,,,,,,,,,,,,,,,,,,,,,,,,,,,,,,,,,,,,,,,,,,,,14996.0,,,,,,,,,,,,,,,,,,,,,,,,,,,,,,,,,,,,,,,,,,,,,,,,,,,,,,,,,,,,,,,,,,,,,,,,,,,,,,,,,,,,,,,,,,,,,,,,,,,,,,,,,,,,,,,,,,,,,,,,,,,,,,,,,,,,,,,,,,,,,,,,,,,,,,,,,,,,,,,,,,,,,,,,,,,,,,,,,,,,,,,,,,,,,,,,,,,,,,,,,,,,,,,,,,,,,,,,,,,,,,,,,,,,,,,,,,,,,,,,,,,,,,,,,,,,,,,,7066.0,,,,,,,,,,,,,,,,,,,,,,,,,,,,,,,,,,,,,,,,,,,,,,,,,,,,,,,,,,,,,,,,,,,,,,,,,,,,,,,,,,,,,,,,,,,,,,,,,,,,,,,,,,,,,,,,,,,,,,,,,,,,,,,,,,,,,,,,,,,,,,,,,,,,,,,,,,,,,,,,,,,,,,,,,,,,,,,,,,,,,,,,,,,,,,,,,,,,,,,,,,,,,,,,,,,,,,,,,,,,,,,,,,,,,,,,,,,,,,,,,,,,,,,,,,,,,,,,,,,,,,,,,,,,,,,,,,,,,,,,,,,,,,,,,,,,,,,,,,,,,,,,,,,,,,,,,,,,,,,,,,,,,,,,,,,,,,,,,,9756.0,,,,,,,,,,,,,,,,,,,,,,,,,,,,,,,,,,,,,,,,,,,,,,,,,,,,,,,,,,,,,,,,,,,,,,,,,,,,,,,,,,,,,,,,,,,,,,,,,,,,,,,,,,,,,,,,,,,,,,,,,,,,,,,,,,,,,,,,,,,,,,,,,,,,,,,,,,,,,,,,,,,,,,,,,,,,,,,,,,,,,,,,,,,,,,,,,,,,,,,,,,,,,,,,,,,,,,,,,,,,,,,,,,,,,,,,,,,,,,,,,,,,,,,,,,,,,,,,,,,,,,,,,,,,,,,,,,,,,,,,,,,,,,,,,,,,,,,,,,,,,,,,,,,,,,,,,,,,,,,,,,,,,,,,,,,,,,,,,,,,,,,,,,,,,,,,,,,,,,,,,,,,,,,,,,,,,,,,,,,,,,,,,,,,,,,,,,,,,,,,,,,,,,,,,,,,,,,,,,,,,,,,,,,,,,,,,,,,,,,,,,,,,,,,,,,,,,,,,,,,,,,,,,,,,,,,,,,,,,,,,,,,,,,,,,,,,,,,,,,,,,,,,,,,,,,,,,,,,,14658.0,,,,,,,,,,,,,,,,,,,,,,,,,,,,,,,,,,,,,,,,,,,,,,,,,,,,,,,,,,,,,,,,,,,,,,,,,,,,,,,,,,,,,,,,,,,,,,,,,,,,,,,,,,,,,,,,,,,,,,,,,,,,,,,,,,,,,,,,,,,,,,,10603.0,,,,,,,,,,,,,,,,,,,,,,,,,,,,,,,,,,,,,,,,,,,,,,,,,,,,,,,,,,,,,,,,,,,,,,,,,,,,,,,,,,,,,,,,,,,,,,,,,,,,,,,,,,,,,,,,,,,,,,,,,,,,,,,,,,,,,,,,,,,,,,,,,,,,,,,,,,,,,,,,,,,,,,,,,,,,,,,,,,,,,,,,,,,,,,,,,,,,,,,,,,,,,,,,,,,,,,,,,,,,,,,,,,,,,,,,,,,,,,,,,,,,,,,,,,,,,,,,,,,,,,,,,,,,,,,,,,,,,,,,,,,,,,,,,,,,,,,,,,,,,,,,,,,,,,,,,,,,,,,,,,,,,,,,,,,,,,,,,,,,,,,,,,,,,,,,,,,,,,,,,,,,,,,,,,,,,,,14837.0,,,,,,,,,,,,,,,,,,,,,,,,,,,,,,,,,,,11972.0,,,,,,,,,,,,,,,,,,,,,,,,,,,,,,,,,,,,,,,,,,,,,,,,,,,,,,,,,,,,,,,,,,,,,,,,,,,,,,,,,,,,,,,,,,,,,,,,,,,,,,,,,,,,,,,,,
,,,,,,,,,,,,,,,,,,,,,,,,,,,,,,,,,,,,,,,,,,,,,,,,,,,,,,,,,,,,,,,,,,,,,,,,,,,,,,,,,,,,,,,,,,,,,,,,,,,,,,,,,,,,,,,,,,,,,,,,,,,,,,,,,,,,,,,,,,,,,,,,,,,,,,,,,,,,,,,,,,,,,,,,,,,,,,,,,,,,,,,,,,,,,,,,,,,,,,,,,,,,,,,,,,,,,,,,,,,,,,,,,,,,,12089.0,,,,,,,,,,,,,,,,,,,,,,,,,,,,,,,,,,,,,,,,,,,,,,,,,,,,,,,,,,,,,,,,,,9555.0,,,,,,,,,,,,,,,,,,,,,,,,,,,,,,,,,,,,,,,,,,,,,,,,12287.0,,,,,,,,,,,,,,,,,,,,,,,,,,,,,,,,,,,,,,,,,,,,,,,,,,,,,,,,,,,,,,,,,,,,,,,,,,,,,,4594.0,,,,,,,,,,,,,,,,,,,,,,,,,,,,,,,,,,,,,,,,,,,,,,,,,,,,,,,,,,,,,,,,,,,,,,,,,,,,,,,,,,,,,,,,,,,,,,,,,,,,,,,,,,,,,,,,,,,,,,,,,,,,,,,,,,,,,,,,,,,,,,,,,,,,,,,,,,,,,,,,,,,,,,,,,,,,,,,,,,,,,,,,,,,,,,,,,,,,,,,,,,,,,,,,,,,,,,,,,,,,,,,,,,,,,,,,,,,,,,,,,,5096.0,,,,,,,,,,,,,,,,,,,,,,,,,,,,,18149.0,,,,,,,,,,,,,,,,,,,,,,,,,,,,,,,,,,,,,,,,,,,,,,,,,,,,,,,,,,,,,,,,,,,,,,,,,,,,,,,,,,,,,,,,,,,,15501.0,,,,,,,,,,,,,,,,,,,,,,,,,,,,,,,,,,,,,,,,,,,,,,,,,,,,,,,,,,,,,,,,,,,,,,,,,,,,,,,,,,,,,,,,,,,,,,,,,,,,,,,,,,,,,,,,,,,,,,,,,,,,,,,,,,,,,,,,,,,,,,,,,,,,,,,,,,,,,,,,,,,,,,,,,,,,,,,,,,,,,,,,,,,,,,,,,,,,,,,,,,,,,,,,,,,,,,,,,,,,,,,,,,,,,,,,,,,,,,,,,,,,,,,,,,,,,,,,,,,,,,,,,,,,,,,,,,,,,,,,,,,,,,,,,,,,,,,,,,,,,,,,,,,,,,,,,,,,,,,,,,,,,,,,,,,,,,,,,,,,,,,,,,,,,,,,,,,,,,,,,,,,,,,,,,,,,,,,,,,,,,,,,,,,,,,,,,,,,,,,,,,,,,,,,,,,,,,,,,,,,,,,,,,,,,,,,,,,,,,,,,,,,,,,,,,,,,,,,,,,,,,10331.0,,,,,,,,,,,,,,,,,,,,,,,,,,,,,,,,,,,,,,,,,,,,,,,,,,,,,,,,,,,,,,,,,,,,,,,,,,,,,,,,,,,,,,,,,,,,,,,,,,,,,,,,,,,,,,,,,,,,,,,,,,,,,,,,,,,,,,,,,,,,,,,,,,,,,,,,,,,,,,,,,,,,,,,,,,,,,,,,,,,,,,,,,,,,,,,,,,,,,,,,,,,,,,,,,,,,,,,,,,,,,,,,,,,,,,,,,,,,,,,,,,,,,,,,,,,,,,,,,,,,,,,,,,,,,,,,,,,,,,,,,,,,,,,,,,,,,,,,,,,,,,,,,,,,,,,,,,,,,,,,,,,,,,,,,,,,,,,,,,,,,,,,,,,,,,,,,,,,,,,,,,,,,,,,,,,,,,,,,,,,,,,,,,,,,,,,,,,,,,,,,,,,,,,,,,,,,,,,,,,,,,,,,,,,,,,,,,,,,,,,,,,,,,,,,,,,,,,,,,,,,,,,,,,,,,,,,,,,,,,,,,,,,,,,,,,,,,,,,,,,,,,,,,,,,,,,,,,,,,,,,,,,,,,,,,,,,,,,,,,,,,,,,17010.0,,,,,,,,,,,,,,,,,,,,,,,,,,,,,,,,,,,,,,,,,,,,,,,,,,,,,,,,,,,,,,,,,,,,,,,,,,,,,,,,,,,,,,,,,,,,,,,,,,,,,,,,,,,,,,,,,,,,,,,,,,,,,,,,,,,,,,,,,,,,,,,,,,,,,,,,,,,,,,,,,,,,,,,,,,,,,,,,,,,,,,,,,,,,,,,,,,,,,,,,,,,,,,,,,,,,,,,,,,,,,,,,,,,,,,,,,,,,,,,,,,,,,,,,,,,,,,,,,,,,,,,,,,,,,,,,,,,,,,,,,,,,,,,,,,,,,,,,,,,,,,,,,,,,,,,,,,,,,,,,,,,,,,,,,,,,,,,,,,,,,,,,,,,,,,,,,,,,,,,,,,,,,,,,,,,,,,,,,,,,,,,,,,,,,,,,,,,,,,,,,,,,,,,,,,,,,,,,,,,,,,,,,,,,,,,,,,,,,,,,,,,,,,,,,,,,,,,,,,,,,,,,,,,,,,,,,,,,,,,,,,,,,,,,,,,,,,,,,,,,,,,,,,,,,,,,,,,,,,,,,,,,,,,,,,,,,,,,,,,,,,,,,,,,,,,,,,,,,,,,,,,,,,,,,,,,,,,,,,,,,,,,,,,,,,,,,,,,,,,,,,,,,,,,,,,,,,,,,,,,,,,,,,,,,,,,,,,,,,,,,,,,,,,,,,,,,,,,,,,,,,,,,,,,,,,,,,,,,,,,,,,,,,,,,,,,,,,,,,,,,,,,,,,,,,,,,,,,,,,,,,,,,,,,,,,,,,,,,,,,,,,,,,,,,,,,,,,,,,,,,,,,,,,,,,,,,,,,,,,,,,,,,,,,,,,,,,,,,,,,,,,,,,,,,,,,,,,,,,,,,,,,,,,,,,,,,,,,,,,,,,,,,,,,,,,,,,,,,,,,,,,,,,,,,,,,,,,,,,,,,,,,,,,,,,,,16988.0,,,,,,,,,,,,,,,,,,,,,,,,,,,,,,,,,,,,,,,,,,,,,,,,,,,,,,,,,,,,,,,,,,,,,,,,,,,,,,,,,,,,,,,,,,,,,,,,,,,,,,,,,,,,,,,,,,,,,,,,,,,,,,,,,,,,,,,,,,,,,,,,,,,,,,,,,,,,,,,,,,,,,,,,,,,,,,,,,,,,,,,,,,,,,,,,,,,,,,,,,,,,,,,,,,,,,,,,,,,,,,,,,,,,,,,,,,,,,,,,,,,,,,,,,,,,,,,,,,,,,,,,,,,,,,,,,,,,,,,,,,,,,,,,,,,,,,,,,,,,,,,,,,,,,,,,,,,,,,,,,,,,,,,,,,,,,,,,,,,,,,,,,,,,,,,,,,,,,,,,,,,,,,,,,,,,,,,,,,,,,,,,,,,,,,,,,,,,,,,,,,,,,,,,,,,,,,,,,,,11141.0,,,,,,,,,,,,,,,,,,,,,,,,,,,,,,,,,,,,,,,,,,,,,,,,,,,,,,,,,,,,,,,,,10836.0,,,,,,,,,,,,,,,,,,,,,,,,,,,,,,,,,,,,,,,,,,,,,,,,,,,,,15031.0,,,,,,,,,,,,,,,,,,,,,,,,,,,,,,,,,,,,,,,,,,,,,,,,,,,,,,,,,,,,,,,,,,,,,,,,,,,,,,,,,,,,,,,,,,,,,,,,,,,,,,,,,,,,,,,,,,,,,,,,,,,,,,,,,,,,,,,,,,,,,,,,,,,,,,,,,,,,,,,,,,,,,,,,,,,,,,,,,,,,,,,,,,,,,,,,,,,,,,,,,,,,,,,,,,,,,,,,,,,,,,,,,,,,,,,,,,,,,,,,,,,,,,,,,,,,,,,,7130.0,,,,,,,,,,,,,,,,,,,,,,,,,,,,,,,,,,,,,,,,,,,,,,,,,,,,,,,,,,,,,,,,,,,,,,,,,,,,,,,,,,,,,,,,,,,,,,,,,,,,,,,,,,,,,,,,,,,,,,,,,,,,,,,,,,,,,,,,,,,,,,,,,,,,,,,,,,,,,,,,,,,,,,,,,,,,,,,,,,,,,,,,,,,,,,,,,,,,,,,,,,,,,,,,,,,,,,,,,,,,,,,,,,,,,,,,,,,,,,,,,,,,,,,,,,,,,,,,,,,,,,,,,,,,,,,,,,,,,,,,,,,,,,,,,,,,,,,,,,,,,,,,,,,,,,,,,,,,,,,,,,,,,,,,,,,,,,,,,,9788.0,,,,,,,,,,,,,,,,,,,,,,,,,,,,,,,,,,,,,,,,,,,,,,,,,,,,,,,,,,,,,,,,,,,,,,,,,,,,,,,,,,,,,,,,,,,,,,,,,,,,,,,,,,,,,,,,,,,,,,,,,,,,,,,,,,,,,,,,,,,,,,,,,,,,,,,,,,,,,,,,,,,,,,,,,,,,,,,,,,,,,,,,,,,,,,,,,,,,,,,,,,,,,,,,,,,,,,,,,,,,,,,,,,,,,,,,,,,,,,,,,,,,,,,,,,,,,,,,,,,,,,,,,,,,,,,,,,,,,,,,,,,,,,,,,,,,,,,,,,,,,,,,,,,,,,,,,,,,,,,,,,,,,,,,,,,,,,,,,,,,,,,,,,,,,,,,,,,,,,,,,,,,,,,,,,,,,,,,,,,,,,,,,,,,,,,,,,,,,,,,,,,,,,,,,,,,,,,,,,,,,,,,,,,,,,,,,,,,,,,,,,,,,,,,,,,,,,,,,,,,,,,,,,,,,,,,,,,,,,,,,,,,,,,,,,,,,,,,,,,,,,,,,,,,,,,,,,,,,,15181.0,,,,,,,,,,,,,,,,,,,,,,,,,,,,,,,,,,,,,,,,,,,,,,,,,,,,,,,,,,,,,,,,,,,,,,,,,,,,,,,,,,,,,,,,,,,,,,,,,,,,,,,,,,,,,,,,,,,,,,,,,,,,,,,,,,,,,,,,,,,,,,,11352.0,,,,,,,,,,,,,,,,,,,,,,,,,,,,,,,,,,,,,,,,,,,,,,,,,,,,,,,,,,,,,,,,,,,,,,,,,,,,,,,,,,,,,,,,,,,,,,,,,,,,,,,,,,,,,,,,,,,,,,,,,,,,,,,,,,,,,,,,,,,,,,,,,,,,,,,,,,,,,,,,,,,,,,,,,,,,,,,,,,,,,,,,,,,,,,,,,,,,,,,,,,,,,,,,,,,,,,,,,,,,,,,,,,,,,,,,,,,,,,,,,,,,,,,,,,,,,,,,,,,,,,,,,,,,,,,,,,,,,,,,,,,,,,,,,,,,,,,,,,,,,,,,,,,,,,,,,,,,,,,,,,,,,,,,,,,,,,,,,,,,,,,,,,,,,,,,,,,,,,,,,,,,,,,,,,,,,,,15507.0,,,,,,,,,,,,,,,,,,,,,,,,,,,,,,,,,,,12729.0,,,,,,,,,,,,,,,,,,,,,,,,,,,,,,,,,,,,,,,,,,,,,,,,,,,,,,,,,,,,,,,,,,,,,,,,,,,,,,,,,,,,,,,,,,,,,,,,,,,,,,,,,,,,,,,,,
,,,,,,,,,,,,,,,,,,,,,,,,,,,,,,,,,,,,,,,,,,,,,,,,,,,,,,,,,,,,,,,,,,,,,,,,,,,,,,,,,,,,,,,,,,,,,,,,,,,,,,,,,,,,,,,,,,,,,,,,,,,,,,,,,,,,,,,,,,,,,,,,,,,,,,,,,,,,,,,,,,,,,,,,,,,,,,,,,,,,,,,,,,,,,,,,,,,,,,,,,,,,,,,,,,,,,,,,,,,,,,,,,,,,,12194.0,,,,,,,,,,,,,,,,,,,,,,,,,,,,,,,,,,,,,,,,,,,,,,,,,,,,,,,,,,,,,,,,,,12717.0,,,,,,,,,,,,,,,,,,,,,,,,,,,,,,,,,,,,,,,,,,,,,,,,12945.0,,,,,,,,,,,,,,,,,,,,,,,,,,,,,,,,,,,,,,,,,,,,,,,,,,,,,,,,,,,,,,,,,,,,,,,,,,,,,,4994.0,,,,,,,,,,,,,,,,,,,,,,,,,,,,,,,,,,,,,,,,,,,,,,,,,,,,,,,,,,,,,,,,,,,,,,,,,,,,,,,,,,,,,,,,,,,,,,,,,,,,,,,,,,,,,,,,,,,,,,,,,,,,,,,,,,,,,,,,,,,,,,,,,,,,,,,,,,,,,,,,,,,,,,,,,,,,,,,,,,,,,,,,,,,,,,,,,,,,,,,,,,,,,,,,,,,,,,,,,,,,,,,,,,,,,,,,,,,,,,,,,,5143.0,,,,,,,,,,,,,,,,,,,,,,,,,,,,,,,,,,,,,,,,,,,,,,,,,,,,,,,,,,,,,,,,,,,,,,,,,,,,,,,,,,,,,,,,,,,,,,,,,,,,,,,,,,,,,,,,,,,,,,,,,17010.0,,,,,,,,,,,,,,,,,,,,,,,,,,,,,,,,,,,,,,,,,,,,,,,,,,,,,,,,,,,,,,,,,,,,,,,,,,,,,,,,,,,,,,,,,,,,,,,,,,,,,,,,,,,,,,,,,,,,,,,,,,,,,,,,,,,,,,,,,,,,,,,,,,,,,,,,,,,,,,,,,,,,,,,,,,,,,,,,,,,,,,,,,,,,,,,,,,,,,,,,,,,,,,,,,,,,,,,,,,,,,,,,,,,,,,,,,,,,,,,,,,,,,,,,,,,,,,,,,,,,,,,,,,,,,,,,,,,,,,,,,,,,,,,,,,,,,,,,,,,,,,,,,,,,,,,,,,,,,,,,,,,,,,,,,,,,,,,,,,,,,,,,,,,,,,,,,,,,,,,,,,,,,,,,,,,,,,,,,,,,,,,,,,,,,,,,,,,,,,,,,,,,,,,,,,,,,,,,,,,,,,,,,,,,,,,,,,,,,,,,,,,,,,,,,,,,,,,,,,,,,,,10533.0,,,,,,,,,,,,,,,,,,,,,,,,,,,,,,,,,,,,,,,,,,,,,,,,,,,,,,,,,,,,,,,,,,,,,,,,,,,,,,,,,,,,,,,,,,,,,,,,,,,,,,,,,,,,,,,,,,,,,,,,,,,,,,,,,,,,,,,,,,,,,,,,,,,,,,,,,,,,,,,,,,,,,,,,,,,,,,,,,,,,,,,,,,,,,,,,,,,,,,,,,,,,,,,,,,,,,,,,,,,,,,,,,,,,,,,,,,,,,,,,,,,,,,,,,,,,,,,,,,,,,,,,,,,,,,,,,,,,,,,,,,,,,,,,,,,,,,,,,,,,,,,,,,,,,,,,,,,,,,,,,,,,,,,,,,,,,,,,,,,,,,,,,,,,,,,,,,,,,,,,,,,,,,,,,,,,,,,,,,,,,,,,,,,,,,,,,,,,,,,,,,,,,,,,,,,,,,,,,,,,,,,,,,,,,,,,,,,,,,,,,,,,,,,,,,,,,,,,,,,,,,,,,,,,,,,,,,,,,,,,,,,,,,,,,,,,,,,,,,,,,,,,,,,,,,,,,,,,,,,,,,,,,,,,,,,,,,,,,,,,,,,,,17256.0,,,,,,,,,,,,,,,,,,,,,,,,,,,,,,,,,,,,,,,,,,,,,,,,,,,,,,,,,,,,,,,,,,,,,,,,,,,,,,,,,,,,,,,,,,,,,,,,,,,,,,,,,,,,,,,,,,,,,,,,,,,,,,,,,,,,,,,,,,,,,,,,,,,,,,,,,,,,,,,,,,,,,,,,,,,,,,,,,,,,,,,,,,,,,,,,,,,,,,,,,,,,,,,,,,,,,,,,,,,,,,,,,,,,,,,,,,,,,,,,,,,,,,,,,,,,,,,,,,,,,,,,,,,,,,,,,,,,,,,,,,,,,,,,,,,,,,,,,,,,,,,,,,,,,,,,,,,,,,,,,,,,,,,,,,,,,,,,,,,,,,,,,,,,,,,,,,,,,,,,,,,,,,,,,,,,,,,,,,,,,,,,,,,,,,,,,,,,,,,,,,,,,,,,,,,,,,,,,,,,,,,,,,,,,,,,,,,,,,,,,,,,,,,,,,,,,,,,,,,,,,,,,,,,,,,,,,,,,,,,,,,,,,,,,,,,,,,,,,,,,,,,,,,,,,,,,,,,,,,,,,,,,,,,,,,,,,,,,,,,,,,,,,,,,,,,,,,,,,,,,,,,,,,,,,,,,,,,,,,,,,,,,,,,,,,,,,,,,,,,,,,,,,,,,,,,,,,,,,,,,,,,,,,,,,,,,,,,,,,,,,,,,,,,,,,,,,,,,,,,,,,,,,,,,,,,,,,,,,,,,,,,,,,,,,,,,,,,,,,,,,,,,,,,,,,,,,,,,,,,,,,,,,,,,,,,,,,,,,,,,,,,,,,,,,,,,,,,,,,,,,,,,,,,,,,,,,,,,,,,,,,,,,,,,,,,,,,,,,,,,,,,,,,,,,,,,,,,,,,,,,,,,,,,,,,,,,,,,,,,,,,,,,,,,,,,,,,,,,,,,,,,,,,,,,,,,,,,,,,,,,,,,,,,,,,,17010.0,,,,,,,,,,,,,,,,,,,,,,,,,,,,,,,,,,,,,,,,,,,,,,,,,,,,,,,,,,,,,,,,,,,,,,,,,,,,,,,,,,,,,,,,,,,,,,,,,,,,,,,,,,,,,,,,,,,,,,,,,,,,,,,,,,,,,,,,,,,,,,,,,,,,,,,,,,,,,,,,,,,,,,,,,,,,,,,,,,,,,,,,,,,,,,,,,,,,,,,,,,,,,,,,,,,,,,,,,,,,,,,,,,,,,,,,,,,,,,,,,,,,,,,,,,,,,,,,,,,,,,,,,,,,,,,,,,,,,,,,,,,,,,,,,,,,,,,,,,,,,,,,,,,,,,,,,,,,,,,,,,,,,,,,,,,,,,,,,,,,,,,,,,,,,,,,,,,,,,,,,,,,,,,,,,,,,,,,,,,,,,,,,,,,,,,,,,,,,,,,,,,,,,,,,,,,,,,,,,,12918.0,,,,,,,,,,,,,,,,,,,,,,,,,,,,,,,,,,,,,,,,,,,,,,,,,,,,,,,,,,,,,,,,,10987.0,,,,,,,,,,,,,,,,,,,,,,,,,,,,,,,,,,,,,,,,,,,,,,,,,,,,,15885.0,,,,,,,,,,,,,,,,,,,,,,,,,,,,,,,,,,,,,,,,,,,,,,,,,,,,,,,,,,,,,,,,,,,,,,,,,,,,,,,,,,,,,,,,,,,,,,,,,,,,,,,,,,,,,,,,,,,,,,,,,,,,,,,,,,,,,,,,,,,,,,,,,,,,,,,,,,,,,,,,,,,,,,,,,,,,,,,,,,,,,,,,,,,,,,,,,,,,,,,,,,,,,,,,,,,,,,,,,,,,,,,,,,,,,,,,,,,,,,,,,,,,,,,,,,,,,,,,8337.0,,,,,,,,,,,,,,,,,,,,,,,,,,,,,,,,,,,,,,,,,,,,,,,,,,,,,,,,,,,,,,,,,,,,,,,,,,,,,,,,,,,,,,,,,,,,,,,,,,,,,,,,,,,,,,,,,,,,,,,,,,,,,,,,,,,,,,,,,,,,,,,,,,,,,,,,,,,,,,,,,,,,,,,,,,,,,,,,,,,,,,,,,,,,,,,,,,,,,,,,,,,,,,,,,,,,,,,,,,,,,,,,,,,,,,,,,,,,,,,,,,,,,,,,,,,,,,,,,,,,,,,,,,,,,,,,,,,,,,,,,,,,,,,,,,,,,,,,,,,,,,,,,,,,,,,,,,,,,,,,,,,,,,,,,,,,,,,,,,9922.0,,,,,,,,,,,,,,,,,,,,,,,,,,,,,,,,,,,,,,,,,,,,,,,,,,,,,,,,,,,,,,,,,,,,,,,,,,,,,,,,,,,,,,,,,,,,,,,,,,,,,,,,,,,,,,,,,,,,,,,,,,,,,,,,,,,,,,,,,,,,,,,,,,,,,,,,,,,,,,,,,,,,,,,,,,,,,,,,,,,,,,,,,,,,,,,,,,,,,,,,,,,,,,,,,,,,,,,,,,,,,,,,,,,,,,,,,,,,,,,,,,,,,,,,,,,,,,,,,,,,,,,,,,,,,,,,,,,,,,,,,,,,,,,,,,,,,,,,,,,,,,,,,,,,,,,,,,,,,,,,,,,,,,,,,,,,,,,,,,,,,,,,,,,,,,,,,,,,,,,,,,,,,,,,,,,,,,,,,,,,,,,,,,,,,,,,,,,,,,,,,,,,,,,,,,,,,,,,,,,,,,,,,,,,,,,,,,,,,,,,,,,,,,,,,,,,,,,,,,,,,,,,,,,,,,,,,,,,,,,,,,,,,,,,,,,,,,,,,,,,,,,,,,,,,,,,,,,,,,15561.0,,,,,,,,,,,,,,,,,,,,,,,,,,,,,,,,,,,,,,,,,,,,,,,,,,,,,,,,,,,,,,,,,,,,,,,,,,,,,,,,,,,,,,,,,,,,,,,,,,,,,,,,,,,,,,,,,,,,,,,,,,,,,,,,,,,,,,,,,,,,,,,11387.0,,,,,,,,,,,,,,,,,,,,,,,,,,,,,,,,,,,,,,,,,,,,,,,,,,,,,,,,,,,,,,,,,,,,,,,,,,,,,,,,,,,,,,,,,,,,,,,,,,,,,,,,,,,,,,,,,,,,,,,,,,,,,,,,,,,,,,,,,,,,,,,,,,,,,,,,,,,,,,,,,,,,,,,,,,,,,,,,,,,,,,,,,,,,,,,,,,,,,,,,,,,,,,,,,,,,,,,,,,,,,,,,,,,,,,,,,,,,,,,,,,,,,,,,,,,,,,,,,,,,,,,,,,,,,,,,,,,,,,,,,,,,,,,,,,,,,,,,,,,,,,,,,,,,,,,,,,,,,,,,,,,,,,,,,,,,,,,,,,,,,,,,,,,,,,,,,,,,,,,,,,,,,,,,,,,,,,,16000.0,,,,,,,,,,,,,,,,,,,,,,,,,,,,,,,,,,,13035.0,,,,,,,,,,,,,,,,,,,,,,,,,,,,,,,,,,,,,,,,,,,,,,,,,,,,,,,,,,,,,,,,,,,,,,,,,,,,,,,,,,,,,,,,,,,,,,,,,,,,,,,,,,,,,,,,,
,,,,,,,,,,,,,,,,,,,,,,,,,,,,,,,,,,,,,,,,,,,,,,,,,,,,,,,,,,,,,,,,,,,,,,,,,,,,,,,,,,,,,,,,,,,,,,,,,,,,,,,,,,,,,,,,,,,,,,,,,,,,,,,,,,,,,,,,,,,,,,,,,,,,,,,,,,,,,,,,,,,,,,,,,,,,,,,,,,,,,,,,,,,,,,,,,,,,,,,,,,,,,,,,,,,,,,,,,,,,,,,,,,,,,12271.0,,,,,,,,,,,,,,,,,,,,,,,,,,,,,,,,,,,,,,,,,,,,,,,,,,,,,,,,,,,,,,,,,,12729.0,,,,,,,,,,,,,,,,,,,,,,,,,,,,,,,,,,,,,,,,,,,,,,,,13106.0,,,,,,,,,,,,,,,,,,,,,,,,,,,,,,,,,,,,,,,,,,,,,,,,,,,,,,,,,,,,,,,,,,,,,,,,,,,,,,5544.0,,,,,,,,,,,,,,,,,,,,,,,,,,,,,,,,,,,,,,,,,,,,,,,,,,,,,,,,,,,,,,,,,,,,,,,,,,,,,,,,,,,,,,,,,,,,,,,,,,,,,,,,,,,,,,,,,,,,,,,,,,,,,,,,,,,,,,,,,,,,,,,,,,,,,,,,,,,,,,,,,,,,,,,,,,,,,,,,,,,,,,,,,,,,,,,,,,,,,,,,,,,,,,,,,,,,,,,,,,,,,,,,,,,,,,,,,,,,,,,,,,5400.0,,,,,,,,,,,,,,,,,,,,,,,,,,,,,,,,,,,,,,,,,,,,,,,,,,,,,,,,,,,,,,,,,,,,,,,,,,,,,,,,,,,,,,,,,,,,,,,,,,,,,,,,,,,,,,,,,,,,,,,,,,,,,,,,,,,,,,,,,,,,,,,,,,,,,,,,,,,,,,,,,,,,,,,,,,,,,,,,,,,,,,,,,,,,,,,,,,,,,,,,,,,,,,,,,,,,,,,,,,,,,,,,,,,,,,,,,,,,,,,,,,,,,,,,,,,,,,,,,,,,,,,,,,,,,,,,,,,,,,,,,,,,,,,,,,,,,,,,,,,,,,,,,,,,,,,,,,,,,,,,,,,,,,,,,,,,,,,,,,,,,,,,,,,,,,,,,,,,,,,,,,,,,,,,,,,,,,,,,,,,,,,,,,,,,,,,,,,,,,,,,,,,,,,,,,,,,,,,,,,,,,,,,,,,,,,,,,,,,,,,,,,,,,,,,,,,,,,,,,,,,,,,,,,,,,,,,,,,,,,,,,,,,,,,,,,,,,,,,,,,,,,,,,,,,,,,,,,,,,,,,,,,,,,,,,,,,,,,,,,,,,,,,,,,,,,,,,,,,,,,,,,,,,,,,,,,,,,,,,,,,,,,10608.0,,,,,,,,,,,,,,,,,,,,,,,,,,,,,,,,,,,,,,,,,,,,,,,,,,,,,,,,,,,,,,,,,,,,,,,,,,,,,,,,,,,,,,,,,,,,,,,,,,,,,,,,,,,,,,,,,,,,,,,,,,,,,,,,,,,,,,,,,,,,,,,,,,,,,,,,,,,,,,,,,,,,,,,,,,,,,,,,,,,,,,,,,,,,,,,,,,,,,,,,,,,,,,,,,,,,,,,,,,,,,,,,,,,,,,,,,,,,,,,,,,,,,,,,,,,,,,,,,,,,,,,,,,,,,,,,,,,,,,,,,,,,,,,,,,,,,,,,,,,,,,,,,,,,,,,,,,,,,,,,,,,,,,,,,,,,,,,,,,,,,,,,,,,,,,,,,,,,,,,,,,,,,,,,,,,,,,,,,,,,,,,,,,,,,,,,,,,,,,,,,,,,,,,,,,,,,,,,,,,,,,,,,,,,,,,,,,,,,,,,,,,,,,,,,,,,,,,,,,,,,,,,,,,,,,,,,,,,,,,,,,,,,,,,,,,,,,,,,,,,,,,,,,,,,,,,,,,,,,,,,,,,,,,,,,,,,,,,,,,,,,,,,17628.0,,,,,,,,,,,,,,,,,,,,,,,,,,,,,,,,,,,,,,,,,,,,,,,,,,,,,,,,,,,,,,,,,,,,,,,,,,,,,,,,,,,,,,,,,,,,,,,,,,,,,,,,,,,,,,,,,,,,,,,,,,,,,,,,,,,,,,,,,,,,,,,,,,,,,,,,,,,,,,,,,,,,,,,,,,,,,,,,,,,,,,,,,,,,,,,,,,,,,,,,,,,,,,,,,,,,,,,,,,,,,,,,,,,,,,,,,,,,,,,,,,,,,,,,,,,,,,,,,,,,,,,,,,,,,,,,,,,,,,,,,,,,,,,,,,,,,,,,,,,,,,,,,,,,,,,,,,,,,,,,,,,,,,,,,,,,,,,,,,,,,,,,,,,,,,,,,,,,,,,,,,,,,,,,,,,,,,,,,,,,,,,,,,,,,,,,,,,,,,,,,,,,,,,,,,,,,,,,,,,,,,,,,,,,,,,,,,,,,,,,,,,,,,,,,,,,,,,,,,,,,,,,,,,,,,,,,,,,,,,,,,,,,,,,,,,,,,,,,,,,,,,,,,,,,,,,,,,,,,,,,,,,,,,,,,,,,,,,,,,,,,,,,,,,,,,,,,,,,,,,,,,,,,,,,,,,,,,,,,,,,,,,,,,,,,,,,,,,,,,,,,,,,,,,,,,,,,,,,,,,,,,,,,,,,,,,,,,,,,,,,,,,,,,,,,,,,,,,,,,,,,,,,,,,,,,,,,,,,,,,,,,,,,,,,,,,,,,,,,,,,,,,,,,,,,,,,,,,,,,,,,,,,,,,,,,,,,,,,,,,,,,,,,,,,,,,,,,,,,,,,,,,,,,,,,,,,,,,,,,,,,,,,,,,,,,,,,,,,,,,,,,,,,,,,,,,,,,,,,,,,,,,,,,,,,,,,,,,,,,,,,,,,,,,,,,,,,,,,,,,,,,,,,,,,,,,,,,,,,,,,,,,,,,,,,,,,,,,,,,,,,,,,,,,,,,,,,,,,,,,,,,,,,,,,,,,,,,,,,,,,,,,,,,,,,,,,,,,,,,,,,,,,,,,,,,,,,,,,,,,,,,,,,,,,,,,,,,,,,,,,,,,,,,,,,,,,,,,,,,,,,,,,,,,,,,,,,,,,,,,,,,,,,,,,,,,,,,,,,,,,,,,,,,,,,,,,,,,,,,,,,,,,,,,,,,,,,,,,,,,,,,,,,,,,,,,,,,,,,,,,,,,,,,,,,,,,,,,,,,,,,,,,,,,,,,,,,,,,,,,,,,,,,,,,,,,,,,,,,,,,,,,,,,,,,,,,,,,,,,,,,,,,,,,,,,,,,,,,,,,,,,,,,,,,,,,,,,,,,,,,,,,,,,,,,,,,,,,,,,,,,,,,,,,,,,,,,,,,,,,,,,,,,,,,,,,,,,,,,,,,,,,,,,,,,,13161.0,,,,,,,,,,,,,,,,,,,,,,,,,,,,,,,,,,,,,,,,,,,,,,,,,,,,,,,,,,,,,,,,,11134.0,,,,,,,,,,,,,,,,,,,,,,,,,,,,,,,,,,,,,,,,,,,,,,,,,,,,,16793.0,,,,,,,,,,,,,,,,,,,,,,,,,,,,,,,,,,,,,,,,,,,,,,,,,,,,,,,,,,,,,,,,,,,,,,,,,,,,,,,,,,,,,,,,,,,,,,,,,,,,,,,,,,,,,,,,,,,,,,,,,,,,,,,,,,,,,,,,,,,,,,,,,,,,,,,,,,,,,,,,,,,,,,,,,,,,,,,,,,,,,,,,,,,,,,,,,,,,,,,,,,,,,,,,,,,,,,,,,,,,,,,,,,,,,,,,,,,,,,,,,,,,,,,,,,,,,,,,8430.0,,,,,,,,,,,,,,,,,,,,,,,,,,,,,,,,,,,,,,,,,,,,,,,,,,,,,,,,,,,,,,,,,,,,,,,,,,,,,,,,,,,,,,,,,,,,,,,,,,,,,,,,,,,,,,,,,,,,,,,,,,,,,,,,,,,,,,,,,,,,,,,,,,,,,,,,,,,,,,,,,,,,,,,,,,,,,,,,,,,,,,,,,,,,,,,,,,,,,,,,,,,,,,,,,,,,,,,,,,,,,,,,,,,,,,,,,,,,,,,,,,,,,,,,,,,,,,,,,,,,,,,,,,,,,,,,,,,,,,,,,,,,,,,,,,,,,,,,,,,,,,,,,,,,,,,,,,,,,,,,,,,,,,,,,,,,,,,,,,10094.0,,,,,,,,,,,,,,,,,,,,,,,,,,,,,,,,,,,,,,,,,,,,,,,,,,,,,,,,,,,,,,,,,,,,,,,,,,,,,,,,,,,,,,,,,,,,,,,,,,,,,,,,,,,,,,,,,,,,,,,,,,,,,,,,,,,,,,,,,,,,,,,,,,,,,,,,,,,,,,,,,,,,,,,,,,,,,,,,,,,,,,,,,,,,,,,,,,,,,,,,,,,,,,,,,,,,,,,,,,,,,,,,,,,,,,,,,,,,,,,,,,,,,,,,,,,,,,,,,,,,,,,,,,,,,,,,,,,,,,,,,,,,,,,,,,,,,,,,,,,,,,,,,,,,,,,,,,,,,,,,,,,,,,,,,,,,,,,,,,,,,,,,,,,,,,,,,,,,,,,,,,,,,,,,,,,,,,,,,,,,,,,,,,,,,,,,,,,,,,,,,,,,,,,,,,,,,,,,,,,,,,,,,,,,,,,,,,,,,,,,,,,,,,,,,,,,,,,,,,,,,,,,,,,,,,,,,,,,,,,,,,,,,,,,,,,,,,,,,,,,,,,,,,,,,,,,,,,,,,15744.0,,,,,,,,,,,,,,,,,,,,,,,,,,,,,,,,,,,,,,,,,,,,,,,,,,,,,,,,,,,,,,,,,,,,,,,,,,,,,,,,,,,,,,,,,,,,,,,,,,,,,,,,,,,,,,,,,,,,,,,,,,,,,,,,,,,,,,,,,,,,,,,11439.0,,,,,,,,,,,,,,,,,,,,,,,,,,,,,,,,,,,,,,,,,,,,,,,,,,,,,,,,,,,,,,,,,,,,,,,,,,,,,,,,,,,,,,,,,,,,,,,,,,,,,,,,,,,,,,,,,,,,,,,,,,,,,,,,,,,,,,,,,,,,,,,,,,,,,,,,,,,,,,,,,,,,,,,,,,,,,,,,,,,,,,,,,,,,,,,,,,,,,,,,,,,,,,,,,,,,,,,,,,,,,,,,,,,,,,,,,,,,,,,,,,,,,,,,,,,,,,,,,,,,,,,,,,,,,,,,,,,,,,,,,,,,,,,,,,,,,,,,,,,,,,,,,,,,,,,,,,,,,,,,,,,,,,,,,,,,,,,,,,,,,,,,,,,,,,,,,,,,,,,,,,,,,,,,,,,,,,,17331.0,,,,,,,,,,,,,,,,,,,,,,,,,,,,,,,,,,,13456.0,,,,,,,,,,,,,,,,,,,,,,,,,,,,,,,,,,,,,,,,,,,,,,,,,,,,,,,,,,,,,,,,,,,,,,,,,,,,,,,,,,,,,,,,,,,,,,,,,,,,,,,,,,,,,,,,,
,,,,,,,,,,,,,,,,,,,,,,,,,,,,,,,,,,,,,,,,,,,,,,,,,,,,,,,,,,,,,,,,,,,,,,,,,,,,,,,,,,,,,,,,,,,,,,,,,,,,,,,,,,,,,,,,,,,,,,,,,,,,,,,,,,,,,,,,,,,,,,,,,,,,,,,,,,,,,,,,,,,,,,,,,,,,,,,,,,,,,,,,,,,,,,,,,,,,,,,,,,,,,,,,,,,,,,,,,,,,,,,,,,,,,15160.0,,,,,,,,,,,,,,,,,,,,,,,,,,,,,,,,,,,,,,,,,,,,,,,,,,,,,,,,,,,,,,,,,,13715.0,,,,,,,,,,,,,,,,,,,,,,,,,,,,,,,,,,,,,,,,,,,,,,,,13785.0,,,,,,,,,,,,,,,,,,,,,,,,,,,,,,,,,,,,,,,,,,,,,,,,,,,,,,,,,,,,,,,,,,,,,,,,,,,,,,6985.0,,,,,,,,,,,,,,,,,,,,,,,,,,,,,,,,,,,,,,,,,,,,,,,,,,,,,,,,,,,,,,,,,,,,,,,,,,,,,,,,,,,,,,,,,,,,,,,,,,,,,,,,,,,,,,,,,,,,,,,,,,,,,,,,,,,,,,,,,,,,,,,,,,,,,,,,,,,,,,,,,,,,,,,,,,,,,,,,,,,,,,,,,,,,,,,,,,,,,,,,,,,,,,,,,,,,,,,,,,,,,,,,,,,,,,,,,,,,,,,,,,5435.0,,,,,,,,,,,,,,,,,,,,,,,,,,,,,,,,,,,,,,,,,,,,,,,,,,,,,,,,,,,,,,,,,,,,,,,,,,,,,,,,,,,,,,,,,,,,,,,,,,,,,,,,,,,,,,,,,,,,,,,,,,,,,,,,,,,,,,,,,,,,,,,,,,,,,,,,,,,,,,,,,,,,,,,,,,,,,,,,,,,,,,,,,,,,,,,,,,,,,,,,,,,,,,,,,,,,,,,,,,,,,,,,,,,,,,,,,,,,,,,,,,,,,,,,,,,,,,,,,,,,,,,,,,,,,,,,,,,,,,,,,,,,,,,,,,,,,,,,,,,,,,,,,,,,,,,,,,,,,,,,,,,,,,,,,,,,,,,,,,,,,,,,,,,,,,,,,,,,,,,,,,,,,,,,,,,,,,,,,,,,,,,,,,,,,,,,,,,,,,,,,,,,,,,,,,,,,,,,,,,,,,,,,,,,,,,,,,,,,,,,,,,,,,,,,,,,,,,,,,,,,,,,,,,,,,,,,,,,,,,,,,,,,,,,,,,,,,,,,,,,,,,,,,,,,,,,,,,,,,,,,,,,,,,,,,,,,,,,,,,,,,,,,,,,,,,,,,,,,,,,,,,,,,,,,,,,,,,,,,,,,,,,10836.0,,,,,,,,,,,,,,,,,,,,,,,,,,,,,,,,,,,,,,,,,,,,,,,,,,,,,,,,,,,,,,,,,,,,,,,,,,,,,,,,,,,,,,,,,,,,,,,,,,,,,,,,,,,,,,,,,,,,,,,,,,,,,,,,,,,,,,,,,,,,,,,,,,,,,,,,,,,,,,,,,,,,,,,,,,,,,,,,,,,,,,,,,,,,,,,,,,,,,,,,,,,,,,,,,,,,,,,,,,,,,,,,,,,,,,,,,,,,,,,,,,,,,,,,,,,,,,,,,,,,,,,,,,,,,,,,,,,,,,,,,,,,,,,,,,,,,,,,,,,,,,,,,,,,,,,,,,,,,,,,,,,,,,,,,,,,,,,,,,,,,,,,,,,,,,,,,,,,,,,,,,,,,,,,,,,,,,,,,,,,,,,,,,,,,,,,,,,,,,,,,,,,,,,,,,,,,,,,,,,,,,,,,,,,,,,,,,,,,,,,,,,,,,,,,,,,,,,,,,,,,,,,,,,,,,,,,,,,,,,,,,,,,,,,,,,,,,,,,,,,,,,,,,,,,,,,,,,,,,,,,,,,,,,,,,,,,,,,,,,,,,,,,,,,,,,,,,,,,,,,,,,,,,,,,,,,,,,,,,,,,,,,,,,,,,,,,,,,,,,,,,,,,,,,,,,,,,,,,,,,,,,,,,,,,,,,,,,,,,,,,,,,,,,,,,,,,,,,,,,,,,,,,,,,,,,,,,,,,,,,,,,,,,,,,,,,,,,,,,,,,,,,,,,,,,,,,,,,,,,,,,,,,,,,,,,,,,,,,,,,,,,,,,,,,,,,,,,,,,,,,,,,,,,,,,,,,,,,,,,,,,,,,,,,,,,,,,,,,,,,,,,,,,,,,,,,,,,,,,,,,,,,,,,,,,,,,,,,,,,,,,,,,,,,,,,,,,,,,,,,,,,,,,,,,,,,,,,,,,,,,,,,,,,,,,,,,,,,,,,,,,,,,,,,,,,,,,,,,,,,,,,,,,,,,,,,,,,,,,,,,,,,,,,,,,,,,,,,,,,,,,,,,,,,,,,,,,,,,,,,,,,,,,,,,,,,,,,,,,,,,,,,,,,,,,,,,,,,,,,,,,,,,,,,,,,,,,,,,,,,,,,,,,,,,,,,,,,,,,,,,,,,,,,,,,,,,,,,,,,,,,,,,,,,,,,,,,,,,,,,,,,,,,,,,,,,,,,,,,,,,,,,,,,,,,,,,,,,,,,,,,,,,,,,,,,,,,,,,,,,,,,,,,,,,,,,,,,,,,,,,,,,,,,,,,,,,,,,,,,,,,,,,,,,,,,,,,,,,,,,,,,,,,,,,,,,,,,,,,,,,,,,,,,,,,,,,,,,,,,,,,,,,,,,,,,,,,,,,,,,,,,,,,,,,,,,,,,,,,,,,,,,,,,,,,,,,,,,,,,,,,,,,,,,,,,,,,,,,,,,,,,,,,,,,,,,,,,,,,,,,,,,,,,,,,,,,,,,,,,,,,,,,,,,,,,,,,,,,,,,,,,,,,,,,,,,,,,,,,,,,,,,,,,,,,,,,,,,,,,,,,,,,,,,,,,,,,,,,,,,,,,,,,,,,,,,,,,,,,,,,,,,,,,,,,,,,,,,,,,,,,,,,,,,,,,,,,,,,,,,,,,,,,,,,,,,,,,,,,,,,,,,,,,,,,,,,,,,,,,,,,,,,,,,,,,,,,,,,,,,,,,,,,,,,,,,,,,,,,,,,,,,,,,,,,,,,,,,,,,,,,,,,,,,,,,,,,,,,,,,,,,,,,,,,,,,,,,,,,,,,,,,,,,,,,,,,,,,,,,,,,,,,,,,,,,,,,,,,,,,,,,,,,,,,,,,,,,,,,,,,,,,,,,,,,,,,,,,,,,,,,,,,,,,,,,,,,,,,,,,,,,,,,,,,,,,,,,,,,,,,,,,,,,,,,,,,,,,,,,,,,,,,,,,,,,,,,,,,,,,,,,,,,,,,,,,,,,,,,,,,,,,,,,,,,,,,,,,16495.0,,,,,,,,,,,,,,,,,,,,,,,,,,,,,,,,,,,,,,,,,,,,,,,,,,,,,,,,,,,,,,,,,11143.0,,,,,,,,,,,,,,,,,,,,,,,,,,,,,,,,,,,,,,,,,,,,,,,,,,,,,17063.0,,,,,,,,,,,,,,,,,,,,,,,,,,,,,,,,,,,,,,,,,,,,,,,,,,,,,,,,,,,,,,,,,,,,,,,,,,,,,,,,,,,,,,,,,,,,,,,,,,,,,,,,,,,,,,,,,,,,,,,,,,,,,,,,,,,,,,,,,,,,,,,,,,,,,,,,,,,,,,,,,,,,,,,,,,,,,,,,,,,,,,,,,,,,,,,,,,,,,,,,,,,,,,,,,,,,,,,,,,,,,,,,,,,,,,,,,,,,,,,,,,,,,,,,,,,,,,,,8663.0,,,,,,,,,,,,,,,,,,,,,,,,,,,,,,,,,,,,,,,,,,,,,,,,,,,,,,,,,,,,,,,,,,,,,,,,,,,,,,,,,,,,,,,,,,,,,,,,,,,,,,,,,,,,,,,,,,,,,,,,,,,,,,,,,,,,,,,,,,,,,,,,,,,,,,,,,,,,,,,,,,,,,,,,,,,,,,,,,,,,,,,,,,,,,,,,,,,,,,,,,,,,,,,,,,,,,,,,,,,,,,,,,,,,,,,,,,,,,,,,,,,,,,,,,,,,,,,,,,,,,,,,,,,,,,,,,,,,,,,,,,,,,,,,,,,,,,,,,,,,,,,,,,,,,,,,,,,,,,,,,,,,,,,,,,,,,,,,,,10663.0,,,,,,,,,,,,,,,,,,,,,,,,,,,,,,,,,,,,,,,,,,,,,,,,,,,,,,,,,,,,,,,,,,,,,,,,,,,,,,,,,,,,,,,,,,,,,,,,,,,,,,,,,,,,,,,,,,,,,,,,,,,,,,,,,,,,,,,,,,,,,,,,,,,,,,,,,,,,,,,,,,,,,,,,,,,,,,,,,,,,,,,,,,,,,,,,,,,,,,,,,,,,,,,,,,,,,,,,,,,,,,,,,,,,,,,,,,,,,,,,,,,,,,,,,,,,,,,,,,,,,,,,,,,,,,,,,,,,,,,,,,,,,,,,,,,,,,,,,,,,,,,,,,,,,,,,,,,,,,,,,,,,,,,,,,,,,,,,,,,,,,,,,,,,,,,,,,,,,,,,,,,,,,,,,,,,,,,,,,,,,,,,,,,,,,,,,,,,,,,,,,,,,,,,,,,,,,,,,,,,,,,,,,,,,,,,,,,,,,,,,,,,,,,,,,,,,,,,,,,,,,,,,,,,,,,,,,,,,,,,,,,,,,,,,,,,,,,,,,,,,,,,,,,,,,,,,,,,,,18076.0,,,,,,,,,,,,,,,,,,,,,,,,,,,,,,,,,,,,,,,,,,,,,,,,,,,,,,,,,,,,,,,,,,,,,,,,,,,,,,,,,,,,,,,,,,,,,,,,,,,,,,,,,,,,,,,,,,,,,,,,,,,,,,,,,,,,,,,,,,,,,,,12134.0,,,,,,,,,,,,,,,,,,,,,,,,,,,,,,,,,,,,,,,,,,,,,,,,,,,,,,,,,,,,,,,,,,,,,,,,,,,,,,,,,,,,,,,,,,,,,,,,,,,,,,,,,,,,,,,,,,,,,,,,,,,,,,,,,,,,,,,,,,,,,,,,,,,,,,,,,,,,,,,,,,,,,,,,,,,,,,,,,,,,,,,,,,,,,,,,,,,,,,,,,,,,,,,,,,,,,,,,,,,,,,,,,,,,,,,,,,,,,,,,,,,,,,,,,,,,,,,,,,,,,,,,,,,,,,,,,,,,,,,,,,,,,,,,,,,,,,,,,,,,,,,,,,,,,,,,,,,,,,,,,,,,,,,,,,,,,,,,,,,,,,,,,,,,,,,,,,,,,,,,,,,,,,,,,,,,,,,17900.0,,,,,,,,,,,,,,,,,,,,,,,,,,,,,,,,,,,16854.0,,,,,,,,,,,,,,,,,,,,,,,,,,,,,,,,,,,,,,,,,,,,,,,,,,,,,,,,,,,,,,,,,,,,,,,,,,,,,,,,,,,,,,,,,,,,,,,,,,,,,,,,,,,,,,,,,
,,,,,,,,,,,,,,,,,,,,,,,,,,,,,,,,,,,,,,,,,,,,,,,,,,,,,,,,,,,,,,,,,,,,,,,,,,,,,,,,,,,,,,,,,,,,,,,,,,,,,,,,,,,,,,,,,,,,,,,,,,,,,,,,,,,,,,,,,,,,,,,,,,,,,,,,,,,,,,,,,,,,,,,,,,,,,,,,,,,,,,,,,,,,,,,,,,,,,,,,,,,,,,,,,,,,,,,,,,,,,,,,,,,,,15687.0,,,,,,,,,,,,,,,,,,,,,,,,,,,,,,,,,,,,,,,,,,,,,,,,,,,,,,,,,,,,,,,,,,13864.0,,,,,,,,,,,,,,,,,,,,,,,,,,,,,,,,,,,,,,,,,,,,,,,,14070.0,,,,,,,,,,,,,,,,,,,,,,,,,,,,,,,,,,,,,,,,,,,,,,,,,,,,,,,,,,,,,,,,,,,,,,,,,,,,,,7044.0,,,,,,,,,,,,,,,,,,,,,,,,,,,,,,,,,,,,,,,,,,,,,,,,,,,,,,,,,,,,,,,,,,,,,,,,,,,,,,,,,,,,,,,,,,,,,,,,,,,,,,,,,,,,,,,,,,,,,,,,,,,,,,,,,,,,,,,,,,,,,,,,,,,,,,,,,,,,,,,,,,,,,,,,,,,,,,,,,,,,,,,,,,,,,,,,,,,,,,,,,,,,,,,,,,,,,,,,,,,,,,,,,,,,,,,,,,,,,,,,,,5572.0,,,,,,,,,,,,,,,,,,,,,,,,,,,,,,,,,,,,,,,,,,,,,,,,,,,,,,,,,,,,,,,,,,,,,,,,,,,,,,,,,,,,,,,,,,,,,,,,,,,,,,,,,,,,,,,,,,,,,,,,,,,,,,,,,,,,,,,,,,,,,,,,,,,,,,,,,,,,,,,,,,,,,,,,,,,,,,,,,,,,,,,,,,,,,,,,,,,,,,,,,,,,,,,,,,,,,,,,,,,,,,,,,,,,,,,,,,,,,,,,,,,,,,,,,,,,,,,,,,,,,,,,,,,,,,,,,,,,,,,,,,,,,,,,,,,,,,,,,,,,,,,,,,,,,,,,,,,,,,,,,,,,,,,,,,,,,,,,,,,,,,,,,,,,,,,,,,,,,,,,,,,,,,,,,,,,,,,,,,,,,,,,,,,,,,,,,,,,,,,,,,,,,,,,,,,,,,,,,,,,,,,,,,,,,,,,,,,,,,,,,,,,,,,,,,,,,,,,,,,,,,,,,,,,,,,,,,,,,,,,,,,,,,,,,,,,,,,,,,,,,,,,,,,,,,,,,,,,,,,,,,,,,,,,,,,,,,,,,,,,,,,,,,,,,,,,,,,,,,,,,,,,,,,,,,,,,,,,,,,,,,,,11158.0,,,,,,,,,,,,,,,,,,,,,,,,,,,,,,,,,,,,,,,,,,,,,,,,,,,,,,,,,,,,,,,,,,,,,,,,,,,,,,,,,,,,,,,,,,,,,,,,,,,,,,,,,,,,,,,,,,,,,,,,,,,,,,,,,,,,,,,,,,,,,,,,,,,,,,,,,,,,,,,,,,,,,,,,,,,,,,,,,,,,,,,,,,,,,,,,,,,,,,,,,,,,,,,,,,,,,,,,,,,,,,,,,,,,,,,,,,,,,,,,,,,,,,,,,,,,,,,,,,,,,,,,,,,,,,,,,,,,,,,,,,,,,,,,,,,,,,,,,,,,,,,,,,,,,,,,,,,,,,,,,,,,,,,,,,,,,,,,,,,,,,,,,,,,,,,,,,,,,,,,,,,,,,,,,,,,,,,,,,,,,,,,,,,,,,,,,,,,,,,,,,,,,,,,,,,,,,,,,,,,,,,,,,,,,,,,,,,,,,,,,,,,,,,,,,,,,,,,,,,,,,,,,,,,,,,,,,,,,,,,,,,,,,,,,,,,,,,,,,,,,,,,,,,,,,,,,,,,,,,,,,,,,,,,,,,,,,,,,,,,,,,,,,,,,,,,,,,,,,,,,,,,,,,,,,,,,,,,,,,,,,,,,,,,,,,,,,,,,,,,,,,,,,,,,,,,,,,,,,,,,,,,,,,,,,,,,,,,,,,,,,,,,,,,,,,,,,,,,,,,,,,,,,,,,,,,,,,,,,,,,,,,,,,,,,,,,,,,,,,,,,,,,,,,,,,,,,,,,,,,,,,,,,,,,,,,,,,,,,,,,,,,,,,,,,,,,,,,,,,,,,,,,,,,,,,,,,,,,,,,,,,,,,,,,,,,,,,,,,,,,,,,,,,,,,,,,,,,,,,,,,,,,,,,,,,,,,,,,,,,,,,,,,,,,,,,,,,,,,,,,,,,,,,,,,,,,,,,,,,,,,,,,,,,,,,,,,,,,,,,,,,,,,,,,,,,,,,,,,,,,,,,,,,,,,,,,,,,,,,,,,,,,,,,,,,,,,,,,,,,,,,,,,,,,,,,,,,,,,,,,,,,,,,,,,,,,,,,,,,,,,,,,,,,,,,,,,,,,,,,,,,,,,,,,,,,,,,,,,,,,,,,,,,,,,,,,,,,,,,,,,,,,,,,,,,,,,,,,,,,,,,,,,,,,,,,,,,,,,,,,,,,,,,,,,,,,,,,,,,,,,,,,,,,,,,,,,,,,,,,,,,,,,,,,,,,,,,,,,,,,,,,,,,,,,,,,,,,,,,,,,,,,,,,,,,,,,,,,,,,,,,,,,,,,,,,,,,,,,,,,,,,,,,,,,,,,,,,,,,,,,,,,,,,,,,,,,,,,,,,,,,,,,,,,,,,,,,,,,,,,,,,,,,,,,,,,,,,,,,,,,,,,,,,,,,,,,,,,,,,,,,,,,,,,,,,,,,,,,,,,,,,,,,,,,,,,,,,,,,,,,,,,,,,,,,,,,,,,,,,,,,,,,,,,,,,,,,,,,,,,,,,,,,,,,,,,,,,,,,,,,,,,,,,,,,,,,,,,,,,,,,,,,,,,,,,,,,,,,,,,,,,,,,,,,,,,,,,,,,,,,,,,,,,,,,,,,,,,,,,,,,,,,,,,,,,,,,,,,,,,,,,,,,,,,,,,,,,,,,,,,,,,,,,,,,,,,,,,,,,,,,,,,,,,,,,,,,,,,,,,,,,,,,,,,,,,,,,,,,,,,,,,,,,,,,,,,,,,,,,,,,,,,,,,,,,,,,,,,,,,,,,,,,,,,,,,,,,,,,,,,,,,,,,,,,,,,,,,,,,,,,,,,,,,,,,,,,,,,,,,,,,,,,,,,,,,,,,,,,,,,,,,,,,,,,,,,,,,,,,,,,,,,,,,,,,,,,,,,,,,,,,,,,,,,,,,,,,,,,,,,,,,,,,,,,,,,,,,,,,,,,,,,,,,,,,,,,,,,,,,,,,,,,,,,,,,,,,,,,,,,,,,,,,,,,,,,,,16628.0,,,,,,,,,,,,,,,,,,,,,,,,,,,,,,,,,,,,,,,,,,,,,,,,,,,,,,,,,,,,,,,,,12236.0,,,,,,,,,,,,,,,,,,,,,,,,,,,,,,,,,,,,,,,,,,,,,,,,,,,,,17564.0,,,,,,,,,,,,,,,,,,,,,,,,,,,,,,,,,,,,,,,,,,,,,,,,,,,,,,,,,,,,,,,,,,,,,,,,,,,,,,,,,,,,,,,,,,,,,,,,,,,,,,,,,,,,,,,,,,,,,,,,,,,,,,,,,,,,,,,,,,,,,,,,,,,,,,,,,,,,,,,,,,,,,,,,,,,,,,,,,,,,,,,,,,,,,,,,,,,,,,,,,,,,,,,,,,,,,,,,,,,,,,,,,,,,,,,,,,,,,,,,,,,,,,,,,,,,,,,,9803.0,,,,,,,,,,,,,,,,,,,,,,,,,,,,,,,,,,,,,,,,,,,,,,,,,,,,,,,,,,,,,,,,,,,,,,,,,,,,,,,,,,,,,,,,,,,,,,,,,,,,,,,,,,,,,,,,,,,,,,,,,,,,,,,,,,,,,,,,,,,,,,,,,,,,,,,,,,,,,,,,,,,,,,,,,,,,,,,,,,,,,,,,,,,,,,,,,,,,,,,,,,,,,,,,,,,,,,,,,,,,,,,,,,,,,,,,,,,,,,,,,,,,,,,,,,,,,,,,,,,,,,,,,,,,,,,,,,,,,,,,,,,,,,,,,,,,,,,,,,,,,,,,,,,,,,,,,,,,,,,,,,,,,,,,,,,,,,,,,,10772.0,,,,,,,,,,,,,,,,,,,,,,,,,,,,,,,,,,,,,,,,,,,,,,,,,,,,,,,,,,,,,,,,,,,,,,,,,,,,,,,,,,,,,,,,,,,,,,,,,,,,,,,,,,,,,,,,,,,,,,,,,,,,,,,,,,,,,,,,,,,,,,,,,,,,,,,,,,,,,,,,,,,,,,,,,,,,,,,,,,,,,,,,,,,,,,,,,,,,,,,,,,,,,,,,,,,,,,,,,,,,,,,,,,,,,,,,,,,,,,,,,,,,,,,,,,,,,,,,,,,,,,,,,,,,,,,,,,,,,,,,,,,,,,,,,,,,,,,,,,,,,,,,,,,,,,,,,,,,,,,,,,,,,,,,,,,,,,,,,,,,,,,,,,,,,,,,,,,,,,,,,,,,,,,,,,,,,,,,,,,,,,,,,,,,,,,,,,,,,,,,,,,,,,,,,,,,,,,,,,,,,,,,,,,,,,,,,,,,,,,,,,,,,,,,,,,,,,,,,,,,,,,,,,,,,,,,,,,,,,,,,,,,,,,,,,,,,,,,,,,,,,,,,,,,,,,,,,,,,,,,,,,,,,,,,,,,,,,,,,,,,,,,,,,,,,,,,,,,,,,,,,,,,,,,,,,,,,,,,,,,,,,,,,,,,,,,,,,,,,,,,,,,,,,,,,,,,,,,,,,,,,,,,,,,,,,,,,,,,,,,,,,,,,,,,,,,,,,,,,,,,12174.0,,,,,,,,,,,,,,,,,,,,,,,,,,,,,,,,,,,,,,,,,,,,,,,,,,,,,,,,,,,,,,,,,,,,,,,,,,,,,,,,,,,,,,,,,,,,,,,,,,,,,,,,,,,,,,,,,,,,,,,,,,,,,,,,,,,,,,,,,,,,,,,,,,,,,,,,,,,,,,,,,,,,,,,,,,,,,,,,,,,,,,,,,,,,,,,,,,,,,,,,,,,,,,,,,,,,,,,,,,,,,,,,,,,,,,,,,,,,,,,,,,,,,,,,,,,,,,,,,,,,,,,,,,,,,,,,,,,,,,,,,,,,,,,,,,,,,,,,,,,,,,,,,,,,,,,,,,,,,,,,,,,,,,,,,,,,,,,,,,,,,,,,,,,,,,,,,,,,,,,,,,,,,,,,,,,,,,,,,,,,,,,,,,,,,,,,,,,,,,,,,,,,,,,,,,17010.0,,,,,,,,,,,,,,,,,,,,,,,,,,,,,,,,,,,,,,,,,,,,,,,,,,,,,,,,,,,,,,,,,,,,,,,,,,,,,,,,,,,,,,,,,,,,,,,,,,,,,,,,,,,,,,,,,
,,,,,,,,,,,,,,,,,,,,,,,,,,,,,,,,,,,,,,,,,,,,,,,,,,,,,,,,,,,,,,,,,,,,,,,,,,,,,,,,,,,,,,,,,,,,,,,,,,,,,,,,,,,,,,,,,,,,,,,,,,,,,,,,,,,,,,,,,,,,,,,,,,,,,,,,,,,,,,,,,,,,,,,,,,,,,,,,,,,,,,,,,,,,,,,,,,,,,,,,,,,,,,,,,,,,,,,,,,,,,,,,,,,,,16355.0,,,,,,,,,,,,,,,,,,,,,,,,,,,,,,,,,,,,,,,,,,,,,,,,,,,,,,,,,,,,,,,,,,14663.0,,,,,,,,,,,,,,,,,,,,,,,,,,,,,,,,,,,,,,,,,,,,,,,,14372.0,,,,,,,,,,,,,,,,,,,,,,,,,,,,,,,,,,,,,,,,,,,,,,,,,,,,,,,,,,,,,,,,,,,,,,,,,,,,,,7260.0,,,,,,,,,,,,,,,,,,,,,,,,,,,,,,,,,,,,,,,,,,,,,,,,,,,,,,,,,,,,,,,,,,,,,,,,,,,,,,,,,,,,,,,,,,,,,,,,,,,,,,,,,,,,,,,,,,,,,,,,,,,,,,,,,,,,,,,,,,,,,,,,,,,,,,,,,,,,,,,,,,,,,,,,,,,,,,,,,,,,,,,,,,,,,,,,,,,,,,,,,,,,,,,,,,,,,,,,,,,,,,,,,,,,,,,,,,,,,,,,,,5809.0,,,,,,,,,,,,,,,,,,,,,,,,,,,,,,,,,,,,,,,,,,,,,,,,,,,,,,,,,,,,,,,,,,,,,,,,,,,,,,,,,,,,,,,,,,,,,,,,,,,,,,,,,,,,,,,,,,,,,,,,,,,,,,,,,,,,,,,,,,,,,,,,,,,,,,,,,,,,,,,,,,,,,,,,,,,,,,,,,,,,,,,,,,,,,,,,,,,,,,,,,,,,,,,,,,,,,,,,,,,,,,,,,,,,,,,,,,,,,,,,,,,,,,,,,,,,,,,,,,,,,,,,,,,,,,,,,,,,,,,,,,,,,,,,,,,,,,,,,,,,,,,,,,,,,,,,,,,,,,,,,,,,,,,,,,,,,,,,,,,,,,,,,,,,,,,,,,,,,,,,,,,,,,,,,,,,,,,,,,,,,,,,,,,,,,,,,,,,,,,,,,,,,,,,,,,,,,,,,,,,,,,,,,,,,,,,,,,,,,,,,,,,,,,,,,,,,,,,,,,,,,,,,,,,,,,,,,,,,,,,,,,,,,,,,,,,,,,,,,,,,,,,,,,,,,,,,,,,,,,,,,,,,,,,,,,,,,,,,,,,,,,,,,,,,,,,,,,,,,,,,,,,,,,,,,,,,,,,,,,,,,,,11182.0,,,,,,,,,,,,,,,,,,,,,,,,,,,,,,,,,,,,,,,,,,,,,,,,,,,,,,,,,,,,,,,,,,,,,,,,,,,,,,,,,,,,,,,,,,,,,,,,,,,,,,,,,,,,,,,,,,,,,,,,,,,,,,,,,,,,,,,,,,,,,,,,,,,,,,,,,,,,,,,,,,,,,,,,,,,,,,,,,,,,,,,,,,,,,,,,,,,,,,,,,,,,,,,,,,,,,,,,,,,,,,,,,,,,,,,,,,,,,,,,,,,,,,,,,,,,,,,,,,,,,,,,,,,,,,,,,,,,,,,,,,,,,,,,,,,,,,,,,,,,,,,,,,,,,,,,,,,,,,,,,,,,,,,,,,,,,,,,,,,,,,,,,,,,,,,,,,,,,,,,,,,,,,,,,,,,,,,,,,,,,,,,,,,,,,,,,,,,,,,,,,,,,,,,,,,,,,,,,,,,,,,,,,,,,,,,,,,,,,,,,,,,,,,,,,,,,,,,,,,,,,,,,,,,,,,,,,,,,,,,,,,,,,,,,,,,,,,,,,,,,,,,,,,,,,,,,,,,,,,,,,,,,,,,,,,,,,,,,,,,,,,,,,,,,,,,,,,,,,,,,,,,,,,,,,,,,,,,,,,,,,,,,,,,,,,,,,,,,,,,,,,,,,,,,,,,,,,,,,,,,,,,,,,,,,,,,,,,,,,,,,,,,,,,,,,,,,,,,,,,,,,,,,,,,,,,,,,,,,,,,,,,,,,,,,,,,,,,,,,,,,,,,,,,,,,,,,,,,,,,,,,,,,,,,,,,,,,,,,,,,,,,,,,,,,,,,,,,,,,,,,,,,,,,,,,,,,,,,,,,,,,,,,,,,,,,,,,,,,,,,,,,,,,,,,,,,,,,,,,,,,,,,,,,,,,,,,,,,,,,,,,,,,,,,,,,,,,,,,,,,,,,,,,,,,,,,,,,,,,,,,,,,,,,,,,,,,,,,,,,,,,,,,,,,,,,,,,,,,,,,,,,,,,,,,,,,,,,,,,,,,,,,,,,,,,,,,,,,,,,,,,,,,,,,,,,,,,,,,,,,,,,,,,,,,,,,,,,,,,,,,,,,,,,,,,,,,,,,,,,,,,,,,,,,,,,,,,,,,,,,,,,,,,,,,,,,,,,,,,,,,,,,,,,,,,,,,,,,,,,,,,,,,,,,,,,,,,,,,,,,,,,,,,,,,,,,,,,,,,,,,,,,,,,,,,,,,,,,,,,,,,,,,,,,,,,,,,,,,,,,,,,,,,,,,,,,,,,,,,,,,,,,,,,,,,,,,,,,,,,,,,,,,,,,,,,,,,,,,,,,,,,,,,,,,,,,,,,,,,,,,,,,,,,,,,,,,,,,,,,,,,,,,,,,,,,,,,,,,,,,,,,,,,,,,,,,,,,,,,,,,,,,,,,,,,,,,,,,,,,,,,,,,,,,,,,,,,,,,,,,,,,,,,,,,,,,,,,,,,,,,,,,,,,,,,,,,,,,,,,,,,,,,,,,,,,,,,,,,,,,,,,,,,,,,,,,,,,,,,,,,,,,,,,,,,,,,,,,,,,,,,,,,,,,,,,,,,,,,,,,,,,,,,,,,,,,,,,,,,,,,,,,,,,,,,,,,,,,,,,,,,,,,,,,,,,,,,,,,,,,,,,,,,,,,,,,,,,,,,,,,,,,,,,,,,,,,,,,,,,,,,,,,,,,,,,,,,,,,,,,,,,,,,,,,,,,,,,,,,,,,,,,,,,,,,,,,,,,,,,,,,,,,,,,,,,,,,,,,,,,,,,,,,,,,,,,,,,,,,,,,,,,,,,,,,,,,,,,,,,,,,,,,,,,,,,,,,,,,,,,,,,,,,,,,,,,,,,,,,,,,,,,,,,,,,,,,,,,,,,,,,,,,,,,,,,,,,,,,,,,,,,,,,,,,,,,,,,,,,,,,,,,,,,,,,,,,,,,,,,,,,,,,,,,,,,,,,,,,,,,,,,,,,,,,,,,,,,,,,,,,,,,,,,,,,,,,,,18270.0,,,,,,,,,,,,,,,,,,,,,,,,,,,,,,,,,,,,,,,,,,,,,,,,,,,,,,,,,,,,,,,,,12366.0,,,,,,,,,,,,,,,,,,,,,,,,,,,,,,,,,,,,,,,,,,,,,,,,,,,,,17956.0,,,,,,,,,,,,,,,,,,,,,,,,,,,,,,,,,,,,,,,,,,,,,,,,,,,,,,,,,,,,,,,,,,,,,,,,,,,,,,,,,,,,,,,,,,,,,,,,,,,,,,,,,,,,,,,,,,,,,,,,,,,,,,,,,,,,,,,,,,,,,,,,,,,,,,,,,,,,,,,,,,,,,,,,,,,,,,,,,,,,,,,,,,,,,,,,,,,,,,,,,,,,,,,,,,,,,,,,,,,,,,,,,,,,,,,,,,,,,,,,,,,,,,,,,,,,,,,,9860.0,,,,,,,,,,,,,,,,,,,,,,,,,,,,,,,,,,,,,,,,,,,,,,,,,,,,,,,,,,,,,,,,,,,,,,,,,,,,,,,,,,,,,,,,,,,,,,,,,,,,,,,,,,,,,,,,,,,,,,,,,,,,,,,,,,,,,,,,,,,,,,,,,,,,,,,,,,,,,,,,,,,,,,,,,,,,,,,,,,,,,,,,,,,,,,,,,,,,,,,,,,,,,,,,,,,,,,,,,,,,,,,,,,,,,,,,,,,,,,,,,,,,,,,,,,,,,,,,,,,,,,,,,,,,,,,,,,,,,,,,,,,,,,,,,,,,,,,,,,,,,,,,,,,,,,,,,,,,,,,,,,,,,,,,,,,,,,,,,,11798.0,,,,,,,,,,,,,,,,,,,,,,,,,,,,,,,,,,,,,,,,,,,,,,,,,,,,,,,,,,,,,,,,,,,,,,,,,,,,,,,,,,,,,,,,,,,,,,,,,,,,,,,,,,,,,,,,,,,,,,,,,,,,,,,,,,,,,,,,,,,,,,,,,,,,,,,,,,,,,,,,,,,,,,,,,,,,,,,,,,,,,,,,,,,,,,,,,,,,,,,,,,,,,,,,,,,,,,,,,,,,,,,,,,,,,,,,,,,,,,,,,,,,,,,,,,,,,,,,,,,,,,,,,,,,,,,,,,,,,,,,,,,,,,,,,,,,,,,,,,,,,,,,,,,,,,,,,,,,,,,,,,,,,,,,,,,,,,,,,,,,,,,,,,,,,,,,,,,,,,,,,,,,,,,,,,,,,,,,,,,,,,,,,,,,,,,,,,,,,,,,,,,,,,,,,,,,,,,,,,,,,,,,,,,,,,,,,,,,,,,,,,,,,,,,,,,,,,,,,,,,,,,,,,,,,,,,,,,,,,,,,,,,,,,,,,,,,,,,,,,,,,,,,,,,,,,,,,,,,,,,,,,,,,,,,,,,,,,,,,,,,,,,,,,,,,,,,,,,,,,,,,,,,,,,,,,,,,,,,,,,,,,,,,,,,,,,,,,,,,,,,,,,,,,,,,,,,,,,,,,,,,,,,,,,,,,,,,,,,,,,,,,,,,,,,,,,,,,,,,,,,12822.0,,,,,,,,,,,,,,,,,,,,,,,,,,,,,,,,,,,,,,,,,,,,,,,,,,,,,,,,,,,,,,,,,,,,,,,,,,,,,,,,,,,,,,,,,,,,,,,,,,,,,,,,,,,,,,,,,,,,,,,,,,,,,,,,,,,,,,,,,,,,,,,,,,,,,,,,,,,,,,,,,,,,,,,,,,,,,,,,,,,,,,,,,,,,,,,,,,,,,,,,,,,,,,,,,,,,,,,,,,,,,,,,,,,,,,,,,,,,,,,,,,,,,,,,,,,,,,,,,,,,,,,,,,,,,,,,,,,,,,,,,,,,,,,,,,,,,,,,,,,,,,,,,,,,,,,,,,,,,,,,,,,,,,,,,,,,,,,,,,,,,,,,,,,,,,,,,,,,,,,,,,,,,,,,,,,,,,,,,,,,,,,,,,,,,,,,,,,,,,,,,,,,,,,,,,17581.0,,,,,,,,,,,,,,,,,,,,,,,,,,,,,,,,,,,,,,,,,,,,,,,,,,,,,,,,,,,,,,,,,,,,,,,,,,,,,,,,,,,,,,,,,,,,,,,,,,,,,,,,,,,,,,,,,
,,,,,,,,,,,,,,,,,,,,,,,,,,,,,,,,,,,,,,,,,,,,,,,,,,,,,,,,,,,,,,,,,,,,,,,,,,,,,,,,,,,,,,,,,,,,,,,,,,,,,,,,,,,,,,,,,,,,,,,,,,,,,,,,,,,,,,,,,,,,,,,,,,,,,,,,,,,,,,,,,,,,,,,,,,,,,,,,,,,,,,,,,,,,,,,,,,,,,,,,,,,,,,,,,,,,,,,,,,,,,,,,,,,,,16386.0,,,,,,,,,,,,,,,,,,,,,,,,,,,,,,,,,,,,,,,,,,,,,,,,,,,,,,,,,,,,,,,,,,17395.0,,,,,,,,,,,,,,,,,,,,,,,,,,,,,,,,,,,,,,,,,,,,,,,,14414.0,,,,,,,,,,,,,,,,,,,,,,,,,,,,,,,,,,,,,,,,,,,,,,,,,,,,,,,,,,,,,,,,,,,,,,,,,,,,,,7489.0,,,,,,,,,,,,,,,,,,,,,,,,,,,,,,,,,,,,,,,,,,,,,,,,,,,,,,,,,,,,,,,,,,,,,,,,,,,,,,,,,,,,,,,,,,,,,,,,,,,,,,,,,,,,,,,,,,,,,,,,,,,,,,,,,,,,,,,,,,,,,,,,,,,,,,,,,,,,,,,,,,,,,,,,,,,,,,,,,,,,,,,,,,,,,,,,,,,,,,,,,,,,,,,,,,,,,,,,,,,,,,,,,,,,,,,,,,,,,,,,,,6805.0,,,,,,,,,,,,,,,,,,,,,,,,,,,,,,,,,,,,,,,,,,,,,,,,,,,,,,,,,,,,,,,,,,,,,,,,,,,,,,,,,,,,,,,,,,,,,,,,,,,,,,,,,,,,,,,,,,,,,,,,,,,,,,,,,,,,,,,,,,,,,,,,,,,,,,,,,,,,,,,,,,,,,,,,,,,,,,,,,,,,,,,,,,,,,,,,,,,,,,,,,,,,,,,,,,,,,,,,,,,,,,,,,,,,,,,,,,,,,,,,,,,,,,,,,,,,,,,,,,,,,,,,,,,,,,,,,,,,,,,,,,,,,,,,,,,,,,,,,,,,,,,,,,,,,,,,,,,,,,,,,,,,,,,,,,,,,,,,,,,,,,,,,,,,,,,,,,,,,,,,,,,,,,,,,,,,,,,,,,,,,,,,,,,,,,,,,,,,,,,,,,,,,,,,,,,,,,,,,,,,,,,,,,,,,,,,,,,,,,,,,,,,,,,,,,,,,,,,,,,,,,,,,,,,,,,,,,,,,,,,,,,,,,,,,,,,,,,,,,,,,,,,,,,,,,,,,,,,,,,,,,,,,,,,,,,,,,,,,,,,,,,,,,,,,,,,,,,,,,,,,,,,,,,,,,,,,,,,,,,,,,,,12095.0,,,,,,,,,,,,,,,,,,,,,,,,,,,,,,,,,,,,,,,,,,,,,,,,,,,,,,,,,,,,,,,,,,,,,,,,,,,,,,,,,,,,,,,,,,,,,,,,,,,,,,,,,,,,,,,,,,,,,,,,,,,,,,,,,,,,,,,,,,,,,,,,,,,,,,,,,,,,,,,,,,,,,,,,,,,,,,,,,,,,,,,,,,,,,,,,,,,,,,,,,,,,,,,,,,,,,,,,,,,,,,,,,,,,,,,,,,,,,,,,,,,,,,,,,,,,,,,,,,,,,,,,,,,,,,,,,,,,,,,,,,,,,,,,,,,,,,,,,,,,,,,,,,,,,,,,,,,,,,,,,,,,,,,,,,,,,,,,,,,,,,,,,,,,,,,,,,,,,,,,,,,,,,,,,,,,,,,,,,,,,,,,,,,,,,,,,,,,,,,,,,,,,,,,,,,,,,,,,,,,,,,,,,,,,,,,,,,,,,,,,,,,,,,,,,,,,,,,,,,,,,,,,,,,,,,,,,,,,,,,,,,,,,,,,,,,,,,,,,,,,,,,,,,,,,,,,,,,,,,,,,,,,,,,,,,,,,,,,,,,,,,,,,,,,,,,,,,,,,,,,,,,,,,,,,,,,,,,,,,,,,,,,,,,,,,,,,,,,,,,,,,,,,,,,,,,,,,,,,,,,,,,,,,,,,,,,,,,,,,,,,,,,,,,,,,,,,,,,,,,,,,,,,,,,,,,,,,,,,,,,,,,,,,,,,,,,,,,,,,,,,,,,,,,,,,,,,,,,,,,,,,,,,,,,,,,,,,,,,,,,,,,,,,,,,,,,,,,,,,,,,,,,,,,,,,,,,,,,,,,,,,,,,,,,,,,,,,,,,,,,,,,,,,,,,,,,,,,,,,,,,,,,,,,,,,,,,,,,,,,,,,,,,,,,,,,,,,,,,,,,,,,,,,,,,,,,,,,,,,,,,,,,,,,,,,,,,,,,,,,,,,,,,,,,,,,,,,,,,,,,,,,,,,,,,,,,,,,,,,,,,,,,,,,,,,,,,,,,,,,,,,,,,,,,,,,,,,,,,,,,,,,,,,,,,,,,,,,,,,,,,,,,,,,,,,,,,,,,,,,,,,,,,,,,,,,,,,,,,,,,,,,,,,,,,,,,,,,,,,,,,,,,,,,,,,,,,,,,,,,,,,,,,,,,,,,,,,,,,,,,,,,,,,,,,,,,,,,,,,,,,,,,,,,,,,,,,,,,,,,,,,,,,,,,,,,,,,,,,,,,,,,,,,,,,,,,,,,,,,,,,,,,,,,,,,,,,,,,,,,,,,,,,,,,,,,,,,,,,,,,,,,,,,,,,,,,,,,,,,,,,,,,,,,,,,,,,,,,,,,,,,,,,,,,,,,,,,,,,,,,,,,,,,,,,,,,,,,,,,,,,,,,,,,,,,,,,,,,,,,,,,,,,,,,,,,,,,,,,,,,,,,,,,,,,,,,,,,,,,,,,,,,,,,,,,,,,,,,,,,,,,,,,,,,,,,,,,,,,,,,,,,,,,,,,,,,,,,,,,,,,,,,,,,,,,,,,,,,,,,,,,,,,,,,,,,,,,,,,,,,,,,,,,,,,,,,,,,,,,,,,,,,,,,,,,,,,,,,,,,,,,,,,,,,,,,,,,,,,,,,,,,,,,,,,,,,,,,,,,,,,,,,,,,,,,,,,,,,,,,,,,,,,,,,,,,,,,,,,,,,,,,,,,,,,,,,,,,,,,,,,,,,,,,,,,,,,,,,,,,,,,,,,,,,,,,,,,,,,,,,,,,,,,,,,,,,,,,,,,,,,,,,,,,,,,,,,,,,,,,,,,,,,,,,,,,,,,,,,,,,,,,,,,,,,,,,,,,,,,,,,,,,,,,,,,,,,,,,,,,,,,,,,,,,,,,,,,,,,,,,,,,,,,,,,,,,,,,,,,,,,,,,,,,,,,,,,,,,,,,,,,,,,,,,,,,,,,,,,,,,,,,,,,,,,,,,,,,,,,,,,,,,,,,,,,,,,,,,,,,,,,,,,,,,,,,,,,,,,,,,,,,,,,,,,,,,,,,,,,,,,,,,,,,,,,,,,,,,,,,,12693.0,,,,,,,,,,,,,,,,,,,,,,,,,,,,,,,,,,,,,,,,,,,,,,,,,,,,,18023.0,,,,,,,,,,,,,,,,,,,,,,,,,,,,,,,,,,,,,,,,,,,,,,,,,,,,,,,,,,,,,,,,,,,,,,,,,,,,,,,,,,,,,,,,,,,,,,,,,,,,,,,,,,,,,,,,,,,,,,,,,,,,,,,,,,,,,,,,,,,,,,,,,,,,,,,,,,,,,,,,,,,,,,,,,,,,,,,,,,,,,,,,,,,,,,,,,,,,,,,,,,,,,,,,,,,,,,,,,,,,,,,,,,,,,,,,,,,,,,,,,,,,,,,,,,,,,,,,10256.0,,,,,,,,,,,,,,,,,,,,,,,,,,,,,,,,,,,,,,,,,,,,,,,,,,,,,,,,,,,,,,,,,,,,,,,,,,,,,,,,,,,,,,,,,,,,,,,,,,,,,,,,,,,,,,,,,,,,,,,,,,,,,,,,,,,,,,,,,,,,,,,,,,,,,,,,,,,,,,,,,,,,,,,,,,,,,,,,,,,,,,,,,,,,,,,,,,,,,,,,,,,,,,,,,,,,,,,,,,,,,,,,,,,,,,,,,,,,,,,,,,,,,,,,,,,,,,,,,,,,,,,,,,,,,,,,,,,,,,,,,,,,,,,,,,,,,,,,,,,,,,,,,,,,,,,,,,,,,,,,,,,,,,,,,,,,,,,,,,12206.0,,,,,,,,,,,,,,,,,,,,,,,,,,,,,,,,,,,,,,,,,,,,,,,,,,,,,,,,,,,,,,,,,,,,,,,,,,,,,,,,,,,,,,,,,,,,,,,,,,,,,,,,,,,,,,,,,,,,,,,,,,,,,,,,,,,,,,,,,,,,,,,,,,,,,,,,,,,,,,,,,,,,,,,,,,,,,,,,,,,,,,,,,,,,,,,,,,,,,,,,,,,,,,,,,,,,,,,,,,,,,,,,,,,,,,,,,,,,,,,,,,,,,,,,,,,,,,,,,,,,,,,,,,,,,,,,,,,,,,,,,,,,,,,,,,,,,,,,,,,,,,,,,,,,,,,,,,,,,,,,,,,,,,,,,,,,,,,,,,,,,,,,,,,,,,,,,,,,,,,,,,,,,,,,,,,,,,,,,,,,,,,,,,,,,,,,,,,,,,,,,,,,,,,,,,,,,,,,,,,,,,,,,,,,,,,,,,,,,,,,,,,,,,,,,,,,,,,,,,,,,,,,,,,,,,,,,,,,,,,,,,,,,,,,,,,,,,,,,,,,,,,,,,,,,,,,,,,,,,,,,,,,,,,,,,,,,,,,,,,,,,,,,,,,,,,,,,,,,,,,,,,,,,,,,,,,,,,,,,,,,,,,,,,,,,,,,,,,,,,,,,,,,,,,,,,,,,,,,,,,,,,,,,,,,,,,,,,,,,,,,,,,,,,,,,,,,,,,,,,,,15885.0,,,,,,,,,,,,,,,,,,,,,,,,,,,,,,,,,,,,,,,,,,,,,,,,,,,,,,,,,,,,,,,,,,,,,,,,,,,,,,,,,,,,,,,,,,,,,,,,,,,,,,,,,,,,,,,,,,,,,,,,,,,,,,,,,,,,,,,,,,,,,,,,,,,,,,,,,,,,,,,,,,,,,,,,,,,,,,,,,,,,,,,,,,,,,,,,,,,,,,,,,,,,,,,,,,,,,,,,,,,,,,,,,,,,,,,,,,,,,,,,,,,,,,,,,,,,,,,,,,,,,,,,,,,,,,,,,,,,,,,,,,,,,,,,,,,,,,,,,,,,,,,,,,,,,,,,,,,,,,,,,,,,,,,,,,,,,,,,,,,,,,,,,,,,,,,,,,,,,,,,,,,,,,,,,,,,,,,,,,,,,,,,,,,,,,,,,,,,,,,,,,,,,,,,,,17800.0,,,,,,,,,,,,,,,,,,,,,,,,,,,,,,,,,,,,,,,,,,,,,,,,,,,,,,,,,,,,,,,,,,,,,,,,,,,,,,,,,,,,,,,,,,,,,,,,,,,,,,,,,,,,,,,,,
,,,,,,,,,,,,,,,,,,,,,,,,,,,,,,,,,,,,,,,,,,,,,,,,,,,,,,,,,,,,,,,,,,,,,,,,,,,,,,,,,,,,,,,,,,,,,,,,,,,,,,,,,,,,,,,,,,,,,,,,,,,,,,,,,,,,,,,,,,,,,,,,,,,,,,,,,,,,,,,,,,,,,,,,,,,,,,,,,,,,,,,,,,,,,,,,,,,,,,,,,,,,,,,,,,,,,,,,,,,,,,,,,,,,,17186.0,,,,,,,,,,,,,,,,,,,,,,,,,,,,,,,,,,,,,,,,,,,,,,,,,,,,,,,,,,,,,,,,,,17514.0,,,,,,,,,,,,,,,,,,,,,,,,,,,,,,,,,,,,,,,,,,,,,,,,14493.0,,,,,,,,,,,,,,,,,,,,,,,,,,,,,,,,,,,,,,,,,,,,,,,,,,,,,,,,,,,,,,,,,,,,,,,,,,,,,,8031.0,,,,,,,,,,,,,,,,,,,,,,,,,,,,,,,,,,,,,,,,,,,,,,,,,,,,,,,,,,,,,,,,,,,,,,,,,,,,,,,,,,,,,,,,,,,,,,,,,,,,,,,,,,,,,,,,,,,,,,,,,,,,,,,,,,,,,,,,,,,,,,,,,,,,,,,,,,,,,,,,,,,,,,,,,,,,,,,,,,,,,,,,,,,,,,,,,,,,,,,,,,,,,,,,,,,,,,,,,,,,,,,,,,,,,,,,,,,,,,,,,,7802.0,,,,,,,,,,,,,,,,,,,,,,,,,,,,,,,,,,,,,,,,,,,,,,,,,,,,,,,,,,,,,,,,,,,,,,,,,,,,,,,,,,,,,,,,,,,,,,,,,,,,,,,,,,,,,,,,,,,,,,,,,,,,,,,,,,,,,,,,,,,,,,,,,,,,,,,,,,,,,,,,,,,,,,,,,,,,,,,,,,,,,,,,,,,,,,,,,,,,,,,,,,,,,,,,,,,,,,,,,,,,,,,,,,,,,,,,,,,,,,,,,,,,,,,,,,,,,,,,,,,,,,,,,,,,,,,,,,,,,,,,,,,,,,,,,,,,,,,,,,,,,,,,,,,,,,,,,,,,,,,,,,,,,,,,,,,,,,,,,,,,,,,,,,,,,,,,,,,,,,,,,,,,,,,,,,,,,,,,,,,,,,,,,,,,,,,,,,,,,,,,,,,,,,,,,,,,,,,,,,,,,,,,,,,,,,,,,,,,,,,,,,,,,,,,,,,,,,,,,,,,,,,,,,,,,,,,,,,,,,,,,,,,,,,,,,,,,,,,,,,,,,,,,,,,,,,,,,,,,,,,,,,,,,,,,,,,,,,,,,,,,,,,,,,,,,,,,,,,,,,,,,,,,,,,,,,,,,,,,,,,,,,,12527.0,,,,,,,,,,,,,,,,,,,,,,,,,,,,,,,,,,,,,,,,,,,,,,,,,,,,,,,,,,,,,,,,,,,,,,,,,,,,,,,,,,,,,,,,,,,,,,,,,,,,,,,,,,,,,,,,,,,,,,,,,,,,,,,,,,,,,,,,,,,,,,,,,,,,,,,,,,,,,,,,,,,,,,,,,,,,,,,,,,,,,,,,,,,,,,,,,,,,,,,,,,,,,,,,,,,,,,,,,,,,,,,,,,,,,,,,,,,,,,,,,,,,,,,,,,,,,,,,,,,,,,,,,,,,,,,,,,,,,,,,,,,,,,,,,,,,,,,,,,,,,,,,,,,,,,,,,,,,,,,,,,,,,,,,,,,,,,,,,,,,,,,,,,,,,,,,,,,,,,,,,,,,,,,,,,,,,,,,,,,,,,,,,,,,,,,,,,,,,,,,,,,,,,,,,,,,,,,,,,,,,,,,,,,,,,,,,,,,,,,,,,,,,,,,,,,,,,,,,,,,,,,,,,,,,,,,,,,,,,,,,,,,,,,,,,,,,,,,,,,,,,,,,,,,,,,,,,,,,,,,,,,,,,,,,,,,,,,,,,,,,,,,,,,,,,,,,,,,,,,,,,,,,,,,,,,,,,,,,,,,,,,,,,,,,,,,,,,,,,,,,,,,,,,,,,,,,,,,,,,,,,,,,,,,,,,,,,,,,,,,,,,,,,,,,,,,,,,,,,,,,,,,,,,,,,,,,,,,,,,,,,,,,,,,,,,,,,,,,,,,,,,,,,,,,,,,,,,,,,,,,,,,,,,,,,,,,,,,,,,,,,,,,,,,,,,,,,,,,,,,,,,,,,,,,,,,,,,,,,,,,,,,,,,,,,,,,,,,,,,,,,,,,,,,,,,,,,,,,,,,,,,,,,,,,,,,,,,,,,,,,,,,,,,,,,,,,,,,,,,,,,,,,,,,,,,,,,,,,,,,,,,,,,,,,,,,,,,,,,,,,,,,,,,,,,,,,,,,,,,,,,,,,,,,,,,,,,,,,,,,,,,,,,,,,,,,,,,,,,,,,,,,,,,,,,,,,,,,,,,,,,,,,,,,,,,,,,,,,,,,,,,,,,,,,,,,,,,,,,,,,,,,,,,,,,,,,,,,,,,,,,,,,,,,,,,,,,,,,,,,,,,,,,,,,,,,,,,,,,,,,,,,,,,,,,,,,,,,,,,,,,,,,,,,,,,,,,,,,,,,,,,,,,,,,,,,,,,,,,,,,,,,,,,,,,,,,,,,,,,,,,,,,,,,,,,,,,,,,,,,,,,,,,,,,,,,,,,,,,,,,,,,,,,,,,,,,,,,,,,,,,,,,,,,,,,,,,,,,,,,,,,,,,,,,,,,,,,,,,,,,,,,,,,,,,,,,,,,,,,,,,,,,,,,,,,,,,,,,,,,,,,,,,,,,,,,,,,,,,,,,,,,,,,,,,,,,,,,,,,,,,,,,,,,,,,,,,,,,,,,,,,,,,,,,,,,,,,,,,,,,,,,,,,,,,,,,,,,,,,,,,,,,,,,,,,,,,,,,,,,,,,,,,,,,,,,,,,,,,,,,,,,,,,,,,,,,,,,,,,,,,,,,,,,,,,,,,,,,,,,,,,,,,,,,,,,,,,,,,,,,,,,,,,,,,,,,,,,,,,,,,,,,,,,,,,,,,,,,,,,,,,,,,,,,,,,,,,,,,,,,,,,,,,,,,,,,,,,,,,,,,,,,,,,,,,,,,,,,,,,,,,,,,,,,,,,,,,,,,,,,,,,,,,,,,,,,,,,,,,,,,,,,,,,,,,,,,,,,,,,,,,,,,,,,,,,,,,,,,,,,,,,,,,,,,,,,,,,,,,,,,,,,,,,,,,,,,,,,,,,,,,,,,,,,,,,,,,,,,,,,,,,,,,,,,,,,,,,,,,,,,,,,,,,,,,,,,,,,,,,,,,,,,,,,,,,,,,,,,,,,,,,,,,,,,,,,,,,,,,,,,,,,,,,,,,,,,,,,,,,,,,,,,,,,,,,,,,,,,,,,,,,,,,,,,,,,,,,,,,,,,,,,,,,,,,,,,,,,,,,,,,,,,,,,,,,,,,,,,,,,13874.0,,,,,,,,,,,,,,,,,,,,,,,,,,,,,,,,,,,,,,,,,,,,,,,,,,,,,18148.0,,,,,,,,,,,,,,,,,,,,,,,,,,,,,,,,,,,,,,,,,,,,,,,,,,,,,,,,,,,,,,,,,,,,,,,,,,,,,,,,,,,,,,,,,,,,,,,,,,,,,,,,,,,,,,,,,,,,,,,,,,,,,,,,,,,,,,,,,,,,,,,,,,,,,,,,,,,,,,,,,,,,,,,,,,,,,,,,,,,,,,,,,,,,,,,,,,,,,,,,,,,,,,,,,,,,,,,,,,,,,,,,,,,,,,,,,,,,,,,,,,,,,,,,,,,,,,,,10350.0,,,,,,,,,,,,,,,,,,,,,,,,,,,,,,,,,,,,,,,,,,,,,,,,,,,,,,,,,,,,,,,,,,,,,,,,,,,,,,,,,,,,,,,,,,,,,,,,,,,,,,,,,,,,,,,,,,,,,,,,,,,,,,,,,,,,,,,,,,,,,,,,,,,,,,,,,,,,,,,,,,,,,,,,,,,,,,,,,,,,,,,,,,,,,,,,,,,,,,,,,,,,,,,,,,,,,,,,,,,,,,,,,,,,,,,,,,,,,,,,,,,,,,,,,,,,,,,,,,,,,,,,,,,,,,,,,,,,,,,,,,,,,,,,,,,,,,,,,,,,,,,,,,,,,,,,,,,,,,,,,,,,,,,,,,,,,,,,,,12807.0,,,,,,,,,,,,,,,,,,,,,,,,,,,,,,,,,,,,,,,,,,,,,,,,,,,,,,,,,,,,,,,,,,,,,,,,,,,,,,,,,,,,,,,,,,,,,,,,,,,,,,,,,,,,,,,,,,,,,,,,,,,,,,,,,,,,,,,,,,,,,,,,,,,,,,,,,,,,,,,,,,,,,,,,,,,,,,,,,,,,,,,,,,,,,,,,,,,,,,,,,,,,,,,,,,,,,,,,,,,,,,,,,,,,,,,,,,,,,,,,,,,,,,,,,,,,,,,,,,,,,,,,,,,,,,,,,,,,,,,,,,,,,,,,,,,,,,,,,,,,,,,,,,,,,,,,,,,,,,,,,,,,,,,,,,,,,,,,,,,,,,,,,,,,,,,,,,,,,,,,,,,,,,,,,,,,,,,,,,,,,,,,,,,,,,,,,,,,,,,,,,,,,,,,,,,,,,,,,,,,,,,,,,,,,,,,,,,,,,,,,,,,,,,,,,,,,,,,,,,,,,,,,,,,,,,,,,,,,,,,,,,,,,,,,,,,,,,,,,,,,,,,,,,,,,,,,,,,,,,,,,,,,,,,,,,,,,,,,,,,,,,,,,,,,,,,,,,,,,,,,,,,,,,,,,,,,,,,,,,,,,,,,,,,,,,,,,,,,,,,,,,,,,,,,,,,,,,,,,,,,,,,,,,,,,,,,,,,,,,,,,,,,,,,,,,,,,,,,,,,,17522.0,,,,,,,,,,,,,,,,,,,,,,,,,,,,,,,,,,,,,,,,,,,,,,,,,,,,,,,,,,,,,,,,,,,,,,,,,,,,,,,,,,,,,,,,,,,,,,,,,,,,,,,,,,,,,,,,,,,,,,,,,,,,,,,,,,,,,,,,,,,,,,,,,,,,,,,,,,,,,,,,,,,,,,,,,,,,,,,,,,,,,,,,,,,,,,,,,,,,,,,,,,,,,,,,,,,,,,,,,,,,,,,,,,,,,,,,,,,,,,,,,,,,,,,,,,,,,,,,,,,,,,,,,,,,,,,,,,,,,,,,,,,,,,,,,,,,,,,,,,,,,,,,,,,,,,,,,,,,,,,,,,,,,,,,,,,,,,,,,,,,,,,,,,,,,,,,,,,,,,,,,,,,,,,,,,,,,,,,,,,,,,,,,,,,,,,,,,,,,,,,,,,,,,,,,,,,,,,,,,,,,,,,,,,,,,,,,,,,,,,,,,,,,,,,,,,,,,,,,,,,,,,,,,,,,,,,,,,,,,,,,,,,,,,,,,,,,,,,,,,,,,,,,,,,,,,,,,,,,,,,,,,
,,,,,,,,,,,,,,,,,,,,,,,,,,,,,,,,,,,,,,,,,,,,,,,,,,,,,,,,,,,,,,,,,,,,,,,,,,,,,,,,,,,,,,,,,,,,,,,,,,,,,,,,,,,,,,,,,,,,,,,,,,,,,,,,,,,,,,,,,,,,,,,,,,,,,,,,,,,,,,,,,,,,,,,,,,,,,,,,,,,,,,,,,,,,,,,,,,,,,,,,,,,,,,,,,,,,,,,,,,,,,,,,,,,,,17581.0,,,,,,,,,,,,,,,,,,,,,,,,,,,,,,,,,,,,,,,,,,,,,,,,,,,,,,,,,,,,,,,,,,,,,,,,,,,,,,,,,,,,,,,,,,,,,,,,,,,,,,,,,,,,,,,,,,14695.0,,,,,,,,,,,,,,,,,,,,,,,,,,,,,,,,,,,,,,,,,,,,,,,,,,,,,,,,,,,,,,,,,,,,,,,,,,,,,,8740.0,,,,,,,,,,,,,,,,,,,,,,,,,,,,,,,,,,,,,,,,,,,,,,,,,,,,,,,,,,,,,,,,,,,,,,,,,,,,,,,,,,,,,,,,,,,,,,,,,,,,,,,,,,,,,,,,,,,,,,,,,,,,,,,,,,,,,,,,,,,,,,,,,,,,,,,,,,,,,,,,,,,,,,,,,,,,,,,,,,,,,,,,,,,,,,,,,,,,,,,,,,,,,,,,,,,,,,,,,,,,,,,,,,,,,,,,,,,,,,,,,,8070.0,,,,,,,,,,,,,,,,,,,,,,,,,,,,,,,,,,,,,,,,,,,,,,,,,,,,,,,,,,,,,,,,,,,,,,,,,,,,,,,,,,,,,,,,,,,,,,,,,,,,,,,,,,,,,,,,,,,,,,,,,,,,,,,,,,,,,,,,,,,,,,,,,,,,,,,,,,,,,,,,,,,,,,,,,,,,,,,,,,,,,,,,,,,,,,,,,,,,,,,,,,,,,,,,,,,,,,,,,,,,,,,,,,,,,,,,,,,,,,,,,,,,,,,,,,,,,,,,,,,,,,,,,,,,,,,,,,,,,,,,,,,,,,,,,,,,,,,,,,,,,,,,,,,,,,,,,,,,,,,,,,,,,,,,,,,,,,,,,,,,,,,,,,,,,,,,,,,,,,,,,,,,,,,,,,,,,,,,,,,,,,,,,,,,,,,,,,,,,,,,,,,,,,,,,,,,,,,,,,,,,,,,,,,,,,,,,,,,,,,,,,,,,,,,,,,,,,,,,,,,,,,,,,,,,,,,,,,,,,,,,,,,,,,,,,,,,,,,,,,,,,,,,,,,,,,,,,,,,,,,,,,,,,,,,,,,,,,,,,,,,,,,,,,,,,,,,,,,,,,,,,,,,,,,,,,,,,,,,,,,,,,,12808.0,,,,,,,,,,,,,,,,,,,,,,,,,,,,,,,,,,,,,,,,,,,,,,,,,,,,,,,,,,,,,,,,,,,,,,,,,,,,,,,,,,,,,,,,,,,,,,,,,,,,,,,,,,,,,,,,,,,,,,,,,,,,,,,,,,,,,,,,,,,,,,,,,,,,,,,,,,,,,,,,,,,,,,,,,,,,,,,,,,,,,,,,,,,,,,,,,,,,,,,,,,,,,,,,,,,,,,,,,,,,,,,,,,,,,,,,,,,,,,,,,,,,,,,,,,,,,,,,,,,,,,,,,,,,,,,,,,,,,,,,,,,,,,,,,,,,,,,,,,,,,,,,,,,,,,,,,,,,,,,,,,,,,,,,,,,,,,,,,,,,,,,,,,,,,,,,,,,,,,,,,,,,,,,,,,,,,,,,,,,,,,,,,,,,,,,,,,,,,,,,,,,,,,,,,,,,,,,,,,,,,,,,,,,,,,,,,,,,,,,,,,,,,,,,,,,,,,,,,,,,,,,,,,,,,,,,,,,,,,,,,,,,,,,,,,,,,,,,,,,,,,,,,,,,,,,,,,,,,,,,,,,,,,,,,,,,,,,,,,,,,,,,,,,,,,,,,,,,,,,,,,,,,,,,,,,,,,,,,,,,,,,,,,,,,,,,,,,,,,,,,,,,,,,,,,,,,,,,,,,,,,,,,,,,,,,,,,,,,,,,,,,,,,,,,,,,,,,,,,,,,,,,,,,,,,,,,,,,,,,,,,,,,,,,,,,,,,,,,,,,,,,,,,,,,,,,,,,,,,,,,,,,,,,,,,,,,,,,,,,,,,,,,,,,,,,,,,,,,,,,,,,,,,,,,,,,,,,,,,,,,,,,,,,,,,,,,,,,,,,,,,,,,,,,,,,,,,,,,,,,,,,,,,,,,,,,,,,,,,,,,,,,,,,,,,,,,,,,,,,,,,,,,,,,,,,,,,,,,,,,,,,,,,,,,,,,,,,,,,,,,,,,,,,,,,,,,,,,,,,,,,,,,,,,,,,,,,,,,,,,,,,,,,,,,,,,,,,,,,,,,,,,,,,,,,,,,,,,,,,,,,,,,,,,,,,,,,,,,,,,,,,,,,,,,,,,,,,,,,,,,,,,,,,,,,,,,,,,,,,,,,,,,,,,,,,,,,,,,,,,,,,,,,,,,,,,,,,,,,,,,,,,,,,,,,,,,,,,,,,,,,,,,,,,,,,,,,,,,,,,,,,,,,,,,,,,,,,,,,,,,,,,,,,,,,,,,,,,,,,,,,,,,,,,,,,,,,,,,,,,,,,,,,,,,,,,,,,,,,,,,,,,,,,,,,,,,,,,,,,,,,,,,,,,,,,,,,,,,,,,,,,,,,,,,,,,,,,,,,,,,,,,,,,,,,,,,,,,,,,,,,,,,,,,,,,,,,,,,,,,,,,,,,,,,,,,,,,,,,,,,,,,,,,,,,,,,,,,,,,,,,,,,,,,,,,,,,,,,,,,,,,,,,,,,,,,,,,,,,,,,,,,,,,,,,,,,,,,,,,,,,,,,,,,,,,,,,,,,,,,,,,,,,,,,,,,,,,,,,,,,,,,,,,,,,,,,,,,,,,,,,,,,,,,,,,,,,,,,,,,,,,,,,,,,,,,,,,,,,,,,,,,,,,,,,,,,,,,,,,,,,,,,,,,,,,,,,,,,,,,,,,,,,,,,,,,,,,,,,,,,,,,,,,,,,,,,,,,,,,,,,,,,,,,,,,,,,,,,,,,,,,,,,,,,,,,,,,,,,,,,,,,,,,,,,,,,,,,,,,,,,,,,,,,,,,,,,,,,,,,,,,,,,,,,,,,,,,,,,,,,,,,,,,,,,,,,,,,,,,,,,,,,,,,,,,,,,,,,,,,,,,,,,,,,,,,,,,,,,,,,,,,,,,,,,,,,,,,,,,,,,,,,,,,,,,,,,,,,,,,,,,,,,,,,,,,,,,,,,,,,,,,,,,,,,,,,,,,,,,,,,,,,,,,,,,,,,,,,,,,,,,,,,,,,,,,,,,,,,,,,,,,,,,,,,,,,,,,,,,,,,,,,,,,,,,,,,,,,,,,,,,,,,,,,,,,,,,,,,,,,14289.0,,,,,,,,,,,,,,,,,,,,,,,,,,,,,,,,,,,,,,,,,,,,,,,,,,,,,,,,,,,,,,,,,,,,,,,,,,,,,,,,,,,,,,,,,,,,,,,,,,,,,,,,,,,,,,,,,,,,,,,,,,,,,,,,,,,,,,,,,,,,,,,,,,,,,,,,,,,,,,,,,,,,,,,,,,,,,,,,,,,,,,,,,,,,,,,,,,,,,,,,,,,,,,,,,,,,,,,,,,,,,,,,,,,,,,,,,,,,,,,,,,,,,,,,,,,,,,,,,,,,,,,,,,,,,,,,,,,,,,,,,,,,,,,,,,,,,,,,,,,,,,,,,,,,,10733.0,,,,,,,,,,,,,,,,,,,,,,,,,,,,,,,,,,,,,,,,,,,,,,,,,,,,,,,,,,,,,,,,,,,,,,,,,,,,,,,,,,,,,,,,,,,,,,,,,,,,,,,,,,,,,,,,,,,,,,,,,,,,,,,,,,,,,,,,,,,,,,,,,,,,,,,,,,,,,,,,,,,,,,,,,,,,,,,,,,,,,,,,,,,,,,,,,,,,,,,,,,,,,,,,,,,,,,,,,,,,,,,,,,,,,,,,,,,,,,,,,,,,,,,,,,,,,,,,,,,,,,,,,,,,,,,,,,,,,,,,,,,,,,,,,,,,,,,,,,,,,,,,,,,,,,,,,,,,,,,,,,,,,,,,,,,,,,,,,,14376.0,,,,,,,,,,,,,,,,,,,,,,,,,,,,,,,,,,,,,,,,,,,,,,,,,,,,,,,,,,,,,,,,,,,,,,,,,,,,,,,,,,,,,,,,,,,,,,,,,,,,,,,,,,,,,,,,,,,,,,,,,,,,,,,,,,,,,,,,,,,,,,,,,,,,,,,,,,,,,,,,,,,,,,,,,,,,,,,,,,,,,,,,,,,,,,,,,,,,,,,,,,,,,,,,,,,,,,,,,,,,,,,,,,,,,,,,,,,,,,,,,,,,,,,,,,,,,,,,,,,,,,,,,,,,,,,,,,,,,,,,,,,,,,,,,,,,,,,,,,,,,,,,,,,,,,,,,,,,,,,,,,,,,,,,,,,,,,,,,,,,,,,,,,,,,,,,,,,,,,,,,,,,,,,,,,,,,,,,,,,,,,,,,,,,,,,,,,,,,,,,,,,,,,,,,,,,,,,,,,,,,,,,,,,,,,,,,,,,,,,,,,,,,,,,,,,,,,,,,,,,,,,,,,,,,,,,,,,,,,,,,,,,,,,,,,,,,,,,,,,,,,,,,,,,,,,,,,,,,,,,,,,,,,,,,,,,,,,,,,,,,,,,,,,,,,,,,,,,,,,,,,,,,,,,,,,,,,,,,,,,,,,,,,,,,,,,,,,,,,,,,,,,,,,,,,,,,,,,,,,,,,,,,,,,,,,,,,,,,,,,,,,,,,,,,,,,,,,,,,,,,17800.0,,,,,,,,,,,,,,,,,,,,,,,,,,,,,,,,,,,,,,,,,,,,,,,,,,,,,,,,,,,,,,,,,,,,,,,,,,,,,,,,,,,,,,,,,,,,,,,,,,,,,,,,,,,,,,,,,,,,,,,,,,,,,,,,,,,,,,,,,,,,,,,,,,,,,,,,,,,,,,,,,,,,,,,,,,,,,,,,,,,,,,,,,,,,,,,,,,,,,,,,,,,,,,,,,,,,,,,,,,,,,,,,,,,,,,,,,,,,,,,,,,,,,,,,,,,,,,,,,,,,,,,,,,,,,,,,,,,,,,,,,,,,,,,,,,,,,,,,,,,,,,,,,,,,,,,,,,,,,,,,,,,,,,,,,,,,,,,,,,,,,,,,,,,,,,,,,,,,,,,,,,,,,,,,,,,,,,,,,,,,,,,,,,,,,,,,,,,,,,,,,,,,,,,,,,,,,,,,,,,,,,,,,,,,,,,,,,,,,,,,,,,,,,,,,,,,,,,,,,,,,,,,,,,,,,,,,,,,,,,,,,,,,,,,,,,,,,,,,,,,,,,,,,,,,,,,,,,,,,,,,,,
,,,,,,,,,,,,,,,,,,,,,,,,,,,,,,,,,,,,,,,,,,,,,,,,,,,,,,,,,,,,,,,,,,,,,,,,,,,,,,,,,,,,,,,,,,,,,,,,,,,,,,,,,,,,,,,,,,,,,,,,,,,,,,,,,,,,,,,,,,,,,,,,,,,,,,,,,,,,,,,,,,,,,,,,,,,,,,,,,,,,,,,,,,,,,,,,,,,,,,,,,,,,,,,,,,,,,,,,,,,,,,,,,,,,,17837.0,,,,,,,,,,,,,,,,,,,,,,,,,,,,,,,,,,,,,,,,,,,,,,,,,,,,,,,,,,,,,,,,,,,,,,,,,,,,,,,,,,,,,,,,,,,,,,,,,,,,,,,,,,,,,,,,,,15149.0,,,,,,,,,,,,,,,,,,,,,,,,,,,,,,,,,,,,,,,,,,,,,,,,,,,,,,,,,,,,,,,,,,,,,,,,,,,,,,8784.0,,,,,,,,,,,,,,,,,,,,,,,,,,,,,,,,,,,,,,,,,,,,,,,,,,,,,,,,,,,,,,,,,,,,,,,,,,,,,,,,,,,,,,,,,,,,,,,,,,,,,,,,,,,,,,,,,,,,,,,,,,,,,,,,,,,,,,,,,,,,,,,,,,,,,,,,,,,,,,,,,,,,,,,,,,,,,,,,,,,,,,,,,,,,,,,,,,,,,,,,,,,,,,,,,,,,,,,,,,,,,,,,,,,,,,,,,,,,,,,,,,8130.0,,,,,,,,,,,,,,,,,,,,,,,,,,,,,,,,,,,,,,,,,,,,,,,,,,,,,,,,,,,,,,,,,,,,,,,,,,,,,,,,,,,,,,,,,,,,,,,,,,,,,,,,,,,,,,,,,,,,,,,,,,,,,,,,,,,,,,,,,,,,,,,,,,,,,,,,,,,,,,,,,,,,,,,,,,,,,,,,,,,,,,,,,,,,,,,,,,,,,,,,,,,,,,,,,,,,,,,,,,,,,,,,,,,,,,,,,,,,,,,,,,,,,,,,,,,,,,,,,,,,,,,,,,,,,,,,,,,,,,,,,,,,,,,,,,,,,,,,,,,,,,,,,,,,,,,,,,,,,,,,,,,,,,,,,,,,,,,,,,,,,,,,,,,,,,,,,,,,,,,,,,,,,,,,,,,,,,,,,,,,,,,,,,,,,,,,,,,,,,,,,,,,,,,,,,,,,,,,,,,,,,,,,,,,,,,,,,,,,,,,,,,,,,,,,,,,,,,,,,,,,,,,,,,,,,,,,,,,,,,,,,,,,,,,,,,,,,,,,,,,,,,,,,,,,,,,,,,,,,,,,,,,,,,,,,,,,,,,,,,,,,,,,,,,,,,,,,,,,,,,,,,,,,,,,,,,,,,,,,,,,,,,13022.0,,,,,,,,,,,,,,,,,,,,,,,,,,,,,,,,,,,,,,,,,,,,,,,,,,,,,,,,,,,,,,,,,,,,,,,,,,,,,,,,,,,,,,,,,,,,,,,,,,,,,,,,,,,,,,,,,,,,,,,,,,,,,,,,,,,,,,,,,,,,,,,,,,,,,,,,,,,,,,,,,,,,,,,,,,,,,,,,,,,,,,,,,,,,,,,,,,,,,,,,,,,,,,,,,,,,,,,,,,,,,,,,,,,,,,,,,,,,,,,,,,,,,,,,,,,,,,,,,,,,,,,,,,,,,,,,,,,,,,,,,,,,,,,,,,,,,,,,,,,,,,,,,,,,,,,,,,,,,,,,,,,,,,,,,,,,,,,,,,,,,,,,,,,,,,,,,,,,,,,,,,,,,,,,,,,,,,,,,,,,,,,,,,,,,,,,,,,,,,,,,,,,,,,,,,,,,,,,,,,,,,,,,,,,,,,,,,,,,,,,,,,,,,,,,,,,,,,,,,,,,,,,,,,,,,,,,,,,,,,,,,,,,,,,,,,,,,,,,,,,,,,,,,,,,,,,,,,,,,,,,,,,,,,,,,,,,,,,,,,,,,,,,,,,,,,,,,,,,,,,,,,,,,,,,,,,,,,,,,,,,,,,,,,,,,,,,,,,,,,,,,,,,,,,,,,,,,,,,,,,,,,,,,,,,,,,,,,,,,,,,,,,,,,,,,,,,,,,,,,,,,,,,,,,,,,,,,,,,,,,,,,,,,,,,,,,,,,,,,,,,,,,,,,,,,,,,,,,,,,,,,,,,,,,,,,,,,,,,,,,,,,,,,,,,,,,,,,,,,,,,,,,,,,,,,,,,,,,,,,,,,,,,,,,,,,,,,,,,,,,,,,,,,,,,,,,,,,,,,,,,,,,,,,,,,,,,,,,,,,,,,,,,,,,,,,,,,,,,,,,,,,,,,,,,,,,,,,,,,,,,,,,,,,,,,,,,,,,,,,,,,,,,,,,,,,,,,,,,,,,,,,,,,,,,,,,,,,,,,,,,,,,,,,,,,,,,,,,,,,,,,,,,,,,,,,,,,,,,,,,,,,,,,,,,,,,,,,,,,,,,,,,,,,,,,,,,,,,,,,,,,,,,,,,,,,,,,,,,,,,,,,,,,,,,,,,,,,,,,,,,,,,,,,,,,,,,,,,,,,,,,,,,,,,,,,,,,,,,,,,,,,,,,,,,,,,,,,,,,,,,,,,,,,,,,,,,,,,,,,,,,,,,,,,,,,,,,,,,,,,,,,,,,,,,,,,,,,,,,,,,,,,,,,,,,,,,,,,,,,,,,,,,,,,,,,,,,,,,,,,,,,,,,,,,,,,,,,,,,,,,,,,,,,,,,,,,,,,,,,,,,,,,,,,,,,,,,,,,,,,,,,,,,,,,,,,,,,,,,,,,,,,,,,,,,,,,,,,,,,,,,,,,,,,,,,,,,,,,,,,,,,,,,,,,,,,,,,,,,,,,,,,,,,,,,,,,,,,,,,,,,,,,,,,,,,,,,,,,,,,,,,,,,,,,,,,,,,,,,,,,,,,,,,,,,,,,,,,,,,,,,,,,,,,,,,,,,,,,,,,,,,,,,,,,,,,,,,,,,,,,,,,,,,,,,,,,,,,,,,,,,,,,,,,,,,,,,,,,,,,,,,,,,,,,,,,,,,,,,,,,,,,,,,,,,,,,,,,,,,,,,,,,,,,,,,,,,,,,,,,,,,,,,,,,,,,,,,,,,,,,,,,,,,,,,,,,,,,,,,,,,,,,,,,,,,,,,,,,,,,,,,,,,,,,,,,,,,,,,,,,,,,,,,,,,,,,,,,,,,,,,,,,,,,,,,,,,,,,,,,,,,,,,,,,,,,,,,,,,,,,,,,,,,,,,,,,,,,,,,,,,,,,,,,,,,,,,,,,,,,,,,,,,,,,,,,,,,,,,,,,,,,,,,,,,,,,,,,,,,,,,,,,,,,,,,,,,,,,,,,,,,,,,,,,,,,,,,,,,,,,,,,,,,,,,,,,,,,,,,,,,,,,,,,,,,,,,,,,,,,,,,,,,,,,,,,,,,,,,,,,,,,,,,,,,,,,,,,,,,,,14414.0,,,,,,,,,,,,,,,,,,,,,,,,,,,,,,,,,,,,,,,,,,,,,,,,,,,,,,,,,,,,,,,,,,,,,,,,,,,,,,,,,,,,,,,,,,,,,,,,,,,,,,,,,,,,,,,,,,,,,,,,,,,,,,,,,,,,,,,,,,,,,,,,,,,,,,,,,,,,,,,,,,,,,,,,,,,,,,,,,,,,,,,,,,,,,,,,,,,,,,,,,,,,,,,,,,,,,,,,,,,,,,,,,,,,,,,,,,,,,,,,,,,,,,,,,,,,,,,,,,,,,,,,,,,,,,,,,,,,,,,,,,,,,,,,,,,,,,,,,,,,,,,,,,,,,11158.0,,,,,,,,,,,,,,,,,,,,,,,,,,,,,,,,,,,,,,,,,,,,,,,,,,,,,,,,,,,,,,,,,,,,,,,,,,,,,,,,,,,,,,,,,,,,,,,,,,,,,,,,,,,,,,,,,,,,,,,,,,,,,,,,,,,,,,,,,,,,,,,,,,,,,,,,,,,,,,,,,,,,,,,,,,,,,,,,,,,,,,,,,,,,,,,,,,,,,,,,,,,,,,,,,,,,,,,,,,,,,,,,,,,,,,,,,,,,,,,,,,,,,,,,,,,,,,,,,,,,,,,,,,,,,,,,,,,,,,,,,,,,,,,,,,,,,,,,,,,,,,,,,,,,,,,,,,,,,,,,,,,,,,,,,,,,,,,,,,14414.0,,,,,,,,,,,,,,,,,,,,,,,,,,,,,,,,,,,,,,,,,,,,,,,,,,,,,,,,,,,,,,,,,,,,,,,,,,,,,,,,,,,,,,,,,,,,,,,,,,,,,,,,,,,,,,,,,,,,,,,,,,,,,,,,,,,,,,,,,,,,,,,,,,,,,,,,,,,,,,,,,,,,,,,,,,,,,,,,,,,,,,,,,,,,,,,,,,,,,,,,,,,,,,,,,,,,,,,,,,,,,,,,,,,,,,,,,,,,,,,,,,,,,,,,,,,,,,,,,,,,,,,,,,,,,,,,,,,,,,,,,,,,,,,,,,,,,,,,,,,,,,,,,,,,,,,,,,,,,,,,,,,,,,,,,,,,,,,,,,,,,,,,,,,,,,,,,,,,,,,,,,,,,,,,,,,,,,,,,,,,,,,,,,,,,,,,,,,,,,,,,,,,,,,,,,,,,,,,,,,,,,,,,,,,,,,,,,,,,,,,,,,,,,,,,,,,,,,,,,,,,,,,,,,,,,,,,,,,,,,,,,,,,,,,,,,,,,,,,,,,,,,,,,,,,,,,,,,,,,,,,,,,,,,,,,,,,,,,,,,,,,,,,,,,,,,,,,,,,,,,,,,,,,,,,,,,,,,,,,,,,,,,,,,,,,,,,,,,,,,,,,,,,,,,,,,,,,,,,,,,,,,,,,,,,,,,,,,,,,,,,,,,,,,,,,,,,,,,,,,,,18393.0,,,,,,,,,,,,,,,,,,,,,,,,,,,,,,,,,,,,,,,,,,,,,,,,,,,,,,,,,,,,,,,,,,,,,,,,,,,,,,,,,,,,,,,,,,,,,,,,,,,,,,,,,,,,,,,,,,,,,,,,,,,,,,,,,,,,,,,,,,,,,,,,,,,,,,,,,,,,,,,,,,,,,,,,,,,,,,,,,,,,,,,,,,,,,,,,,,,,,,,,,,,,,,,,,,,,,,,,,,,,,,,,,,,,,,,,,,,,,,,,,,,,,,,,,,,,,,,,,,,,,,,,,,,,,,,,,,,,,,,,,,,,,,,,,,,,,,,,,,,,,,,,,,,,,,,,,,,,,,,,,,,,,,,,,,,,,,,,,,,,,,,,,,,,,,,,,,,,,,,,,,,,,,,,,,,,,,,,,,,,,,,,,,,,,,,,,,,,,,,,,,,,,,,,,,,,,,,,,,,,,,,,,,,,,,,,,,,,,,,,,,,,,,,,,,,,,,,,,,,,,,,,,,,,,,,,,,,,,,,,,,,,,,,,,,,,,,,,,,,,,,,,,,,,,,,,,,,,,,,,,,,
,,,,,,,,,,,,,,,,,,,,,,,,,,,,,,,,,,,,,,,,,,,,,,,,,,,,,,,,,,,,,,,,,,,,,,,,,,,,,,,,,,,,,,,,,,,,,,,,,,,,,,,,,,,,,,,,,,,,,,,,,,,,,,,,,,,,,,,,,,,,,,,,,,,,,,,,,,,,,,,,,,,,,,,,,,,,,,,,,,,,,,,,,,,,,,,,,,,,,,,,,,,,,,,,,,,,,,,,,,,,,,,,,,,,,,,,,,,,,,,,,,,,,,,,,,,,,,,,,,,,,,,,,,,,,,,,,,,,,,,,,,,,,,,,,,,,,,,,,,,,,,,,,,,,,,,,,,,,,,,,,,,,,,,,,,,,,,,,,,,,,,,16568.0,,,,,,,,,,,,,,,,,,,,,,,,,,,,,,,,,,,,,,,,,,,,,,,,,,,,,,,,,,,,,,,,,,,,,,,,,,,,,,8996.0,,,,,,,,,,,,,,,,,,,,,,,,,,,,,,,,,,,,,,,,,,,,,,,,,,,,,,,,,,,,,,,,,,,,,,,,,,,,,,,,,,,,,,,,,,,,,,,,,,,,,,,,,,,,,,,,,,,,,,,,,,,,,,,,,,,,,,,,,,,,,,,,,,,,,,,,,,,,,,,,,,,,,,,,,,,,,,,,,,,,,,,,,,,,,,,,,,,,,,,,,,,,,,,,,,,,,,,,,,,,,,,,,,,,,,,,,,,,,,,,,,8357.0,,,,,,,,,,,,,,,,,,,,,,,,,,,,,,,,,,,,,,,,,,,,,,,,,,,,,,,,,,,,,,,,,,,,,,,,,,,,,,,,,,,,,,,,,,,,,,,,,,,,,,,,,,,,,,,,,,,,,,,,,,,,,,,,,,,,,,,,,,,,,,,,,,,,,,,,,,,,,,,,,,,,,,,,,,,,,,,,,,,,,,,,,,,,,,,,,,,,,,,,,,,,,,,,,,,,,,,,,,,,,,,,,,,,,,,,,,,,,,,,,,,,,,,,,,,,,,,,,,,,,,,,,,,,,,,,,,,,,,,,,,,,,,,,,,,,,,,,,,,,,,,,,,,,,,,,,,,,,,,,,,,,,,,,,,,,,,,,,,,,,,,,,,,,,,,,,,,,,,,,,,,,,,,,,,,,,,,,,,,,,,,,,,,,,,,,,,,,,,,,,,,,,,,,,,,,,,,,,,,,,,,,,,,,,,,,,,,,,,,,,,,,,,,,,,,,,,,,,,,,,,,,,,,,,,,,,,,,,,,,,,,,,,,,,,,,,,,,,,,,,,,,,,,,,,,,,,,,,,,,,,,,,,,,,,,,,,,,,,,,,,,,,,,,,,,,,,,,,,,,,,,,,,,,,,,,,,,,,,,,,,,,13032.0,,,,,,,,,,,,,,,,,,,,,,,,,,,,,,,,,,,,,,,,,,,,,,,,,,,,,,,,,,,,,,,,,,,,,,,,,,,,,,,,,,,,,,,,,,,,,,,,,,,,,,,,,,,,,,,,,,,,,,,,,,,,,,,,,,,,,,,,,,,,,,,,,,,,,,,,,,,,,,,,,,,,,,,,,,,,,,,,,,,,,,,,,,,,,,,,,,,,,,,,,,,,,,,,,,,,,,,,,,,,,,,,,,,,,,,,,,,,,,,,,,,,,,,,,,,,,,,,,,,,,,,,,,,,,,,,,,,,,,,,,,,,,,,,,,,,,,,,,,,,,,,,,,,,,,,,,,,,,,,,,,,,,,,,,,,,,,,,,,,,,,,,,,,,,,,,,,,,,,,,,,,,,,,,,,,,,,,,,,,,,,,,,,,,,,,,,,,,,,,,,,,,,,,,,,,,,,,,,,,,,,,,,,,,,,,,,,,,,,,,,,,,,,,,,,,,,,,,,,,,,,,,,,,,,,,,,,,,,,,,,,,,,,,,,,,,,,,,,,,,,,,,,,,,,,,,,,,,,,,,,,,,,,,,,,,,,,,,,,,,,,,,,,,,,,,,,,,,,,,,,,,,,,,,,,,,,,,,,,,,,,,,,,,,,,,,,,,,,,,,,,,,,,,,,,,,,,,,,,,,,,,,,,,,,,,,,,,,,,,,,,,,,,,,,,,,,,,,,,,,,,,,,,,,,,,,,,,,,,,,,,,,,,,,,,,,,,,,,,,,,,,,,,,,,,,,,,,,,,,,,,,,,,,,,,,,,,,,,,,,,,,,,,,,,,,,,,,,,,,,,,,,,,,,,,,,,,,,,,,,,,,,,,,,,,,,,,,,,,,,,,,,,,,,,,,,,,,,,,,,,,,,,,,,,,,,,,,,,,,,,,,,,,,,,,,,,,,,,,,,,,,,,,,,,,,,,,,,,,,,,,,,,,,,,,,,,,,,,,,,,,,,,,,,,,,,,,,,,,,,,,,,,,,,,,,,,,,,,,,,,,,,,,,,,,,,,,,,,,,,,,,,,,,,,,,,,,,,,,,,,,,,,,,,,,,,,,,,,,,,,,,,,,,,,,,,,,,,,,,,,,,,,,,,,,,,,,,,,,,,,,,,,,,,,,,,,,,,,,,,,,,,,,,,,,,,,,,,,,,,,,,,,,,,,,,,,,,,,,,,,,,,,,,,,,,,,,,,,,,,,,,,,,,,,,,,,,,,,,,,,,,,,,,,,,,,,,,,,,,,,,,,,,,,,,,,,,,,,,,,,,,,,,,,,,,,,,,,,,,,,,,,,,,,,,,,,,,,,,,,,,,,,,,,,,,,,,,,,,,,,,,,,,,,,,,,,,,,,,,,,,,,,,,,,,,,,,,,,,,,,,,,,,,,,,,,,,,,,,,,,,,,,,,,,,,,,,,,,,,,,,,,,,,,,,,,,,,,,,,,,,,,,,,,,,,,,,,,,,,,,,,,,,,,,,,,,,,,,,,,,,,,,,,,,,,,,,,,,,,,,,,,,,,,,,,,,,,,,,,,,,,,,,,,,,,,,,,,,,,,,,,,,,,,,,,,,,,,,,,,,,,,,,,,,,,,,,,,,,,,,,,,,,,,,,,,,,,,,,,,,,,,,,,,,,,,,,,,,,,,,,,,,,,,,,,,,,,,,,,,,,,,,,,,,,,,,,,,,,,,,,,,,,,,,,,,,,,,,,,,,,,,,,,,,,,,,,,,,,,,,,,,,,,,,,,,,,,,,,,,,,,,,,,,,,,,,,,,,,,,,,,,,,,,,,,,,,,,,,,,,,,,,,,,,,,,,,,,,,,,,,,,,,,,,,,,,,,,,,,,,,,,,,,,,,,,,,,,,,,,,,,,,,,,,,,,,,,,,,,,,,,,,,,,,,,,,,,,,,,,,,,,,,,,,,,,,,,,,,,,,,,,,,,,,,,,,,,,,,,,,,,,,,,,,,,,,,,,,,,,,,,,,,,,,,,,,,,,,,,,,,,,,,,,,,,,,,,,,,,,,,,,,,,,,,,,,,,,,,,,,,,,,,,,,,,,,,,,,,,,,,,,,,,,,,,,,,,,,,,,,15734.0,,,,,,,,,,,,,,,,,,,,,,,,,,,,,,,,,,,,,,,,,,,,,,,,,,,,,,,,,,,,,,,,,,,,,,,,,,,,,,,,,,,,,,,,,,,,,,,,,,,,,,,,,,,,,,,,,,,,,,,,,,,,,,,,,,,,,,,,,,,,,,,,,,,,,,,,,,,,,,,,,,,,,,,,,,,,,,,,,,,,,,,,,,,,,,,,,,,,,,,,,,,,,,,,,,,,,,,,,,,,,,,,,,,,,,,,,,,,,,,,,,,,,,,,,,,,,,,,,,,,,,,,,,,,,,,,,,,,,,,,,,,,,,,,,,,,,,,,,,,,,,,,,,,,,11408.0,,,,,,,,,,,,,,,,,,,,,,,,,,,,,,,,,,,,,,,,,,,,,,,,,,,,,,,,,,,,,,,,,,,,,,,,,,,,,,,,,,,,,,,,,,,,,,,,,,,,,,,,,,,,,,,,,,,,,,,,,,,,,,,,,,,,,,,,,,,,,,,,,,,,,,,,,,,,,,,,,,,,,,,,,,,,,,,,,,,,,,,,,,,,,,,,,,,,,,,,,,,,,,,,,,,,,,,,,,,,,,,,,,,,,,,,,,,,,,,,,,,,,,,,,,,,,,,,,,,,,,,,,,,,,,,,,,,,,,,,,,,,,,,,,,,,,,,,,,,,,,,,,,,,,,,,,,,,,,,,,,,,,,,,,,,,,,,,,,14581.0,,,,,,,,,,,,,,,,,,,,,,,,,,,,,,,,,,,,,,,,,,,,,,,,,,,,,,,,,,,,,,,,,,,,,,,,,,,,,,,,,,,,,,,,,,,,,,,,,,,,,,,,,,,,,,,,,,,,,,,,,,,,,,,,,,,,,,,,,,,,,,,,,,,,,,,,,,,,,,,,,,,,,,,,,,,,,,,,,,,,,,,,,,,,,,,,,,,,,,,,,,,,,,,,,,,,,,,,,,,,,,,,,,,,,,,,,,,,,,,,,,,,,,,,,,,,,,,,,,,,,,,,,,,,,,,,,,,,,,,,,,,,,,,,,,,,,,,,,,,,,,,,,,,,,,,,,,,,,,,,,,,,,,,,,,,,,,,,,,,,,,,,,,,,,,,,,,,,,,,,,,,,,,,,,,,,,,,,,,,,,,,,,,,,,,,,,,,,,,,,,,,,,,,,,,,,,,,,,,,,,,,,,,,,,,,,,,,,,,,,,,,,,,,,,,,,,,,,,,,,,,,,,,,,,,,,,,,,,,,,,,,,,,,,,,,,,,,,,,,,,,,,,,,,,,,,,,,,,,,,,,,,,,,,,,,,,,,,,,,,,,,,,,,,,,,,,,,,,,,,,,,,,,,,,,,,,,,,,,,,,,,,,,,,,,,,,,,,,,,,,,,,,,,,,,,,,,,,,,,,,,,,,,,,,,,,,,,,,,,,,,,,,,,,,,,,,,,,,,,,,,,,,,,,,,,,,,,,,,,,,,,,,,,,,,,,,,,,,,,,,,,,,,,,,,,,,,,,,,,,,,,,,,,,,,,,,,,,,,,,,,,,,,,,,,,,,,,,,,,,,,,,,,,,,,,,,,,,,,,,,,,,,,,,,,,,,,,,,,,,,,,,,,,,,,,,,,,,,,,,,,,,,,,,,,,,,,,,,,,,,,,,,,,,,,,,,,,,,,,,,,,,,,,,,,,,,,,,,,,,,,,,,,,,,,,,,,,,,,,,,,,,,,,,,,,,,,,,,,,,,,,,,,,,,,,,,,,,,,,,,,,,,,,,,,,,,,,,,,,,,,,,,,,,,,,,,,,,,,,,,,,,,,,,,,,,,,,,,,,,,,,,,,,,,,,,,,,,,,,,,,,,,,,,,,,,,,,,,,,,,,,,,,,,,,,,,,,,,,,,,,,,,,,,,,,,,,,,,,,,,,,,,,,,,,,,,,,,,,,,,,,,,,,,,,,,,,,,,,,,,,,,,,,,,,,,,,,,,,,,,,,,,,,,,,,,,,,,,,,,,,,,,,,,,,,,,,,,,,,,,,,,
,,,,,,,,,,,,,,,,,,,,,,,,,,,,,,,,,,,,,,,,,,,,,,,,,,,,,,,,,,,,,,,,,,,,,,,,,,,,,,,,,,,,,,,,,,,,,,,,,,,,,,,,,,,,,,,,,,,,,,,,,,,,,,,,,,,,,,,,,,,,,,,,,,,,,,,,,,,,,,,,,,,,,,,,,,,,,,,,,,,,,,,,,,,,,,,,,,,,,,,,,,,,,,,,,,,,,,,,,,,,,,,,,,,,,,,,,,,,,,,,,,,,,,,,,,,,,,,,,,,,,,,,,,,,,,,,,,,,,,,,,,,,,,,,,,,,,,,,,,,,,,,,,,,,,,,,,,,,,,,,,,,,,,,,,,,,,,,,,,,,,,,16870.0,,,,,,,,,,,,,,,,,,,,,,,,,,,,,,,,,,,,,,,,,,,,,,,,,,,,,,,,,,,,,,,,,,,,,,,,,,,,,,9312.0,,,,,,,,,,,,,,,,,,,,,,,,,,,,,,,,,,,,,,,,,,,,,,,,,,,,,,,,,,,,,,,,,,,,,,,,,,,,,,,,,,,,,,,,,,,,,,,,,,,,,,,,,,,,,,,,,,,,,,,,,,,,,,,,,,,,,,,,,,,,,,,,,,,,,,,,,,,,,,,,,,,,,,,,,,,,,,,,,,,,,,,,,,,,,,,,,,,,,,,,,,,,,,,,,,,,,,,,,,,,,,,,,,,,,,,,,,,,,,,,,,8392.0,,,,,,,,,,,,,,,,,,,,,,,,,,,,,,,,,,,,,,,,,,,,,,,,,,,,,,,,,,,,,,,,,,,,,,,,,,,,,,,,,,,,,,,,,,,,,,,,,,,,,,,,,,,,,,,,,,,,,,,,,,,,,,,,,,,,,,,,,,,,,,,,,,,,,,,,,,,,,,,,,,,,,,,,,,,,,,,,,,,,,,,,,,,,,,,,,,,,,,,,,,,,,,,,,,,,,,,,,,,,,,,,,,,,,,,,,,,,,,,,,,,,,,,,,,,,,,,,,,,,,,,,,,,,,,,,,,,,,,,,,,,,,,,,,,,,,,,,,,,,,,,,,,,,,,,,,,,,,,,,,,,,,,,,,,,,,,,,,,,,,,,,,,,,,,,,,,,,,,,,,,,,,,,,,,,,,,,,,,,,,,,,,,,,,,,,,,,,,,,,,,,,,,,,,,,,,,,,,,,,,,,,,,,,,,,,,,,,,,,,,,,,,,,,,,,,,,,,,,,,,,,,,,,,,,,,,,,,,,,,,,,,,,,,,,,,,,,,,,,,,,,,,,,,,,,,,,,,,,,,,,,,,,,,,,,,,,,,,,,,,,,,,,,,,,,,,,,,,,,,,,,,,,,,,,,,,,,,,,,,,,,,13164.0,,,,,,,,,,,,,,,,,,,,,,,,,,,,,,,,,,,,,,,,,,,,,,,,,,,,,,,,,,,,,,,,,,,,,,,,,,,,,,,,,,,,,,,,,,,,,,,,,,,,,,,,,,,,,,,,,,,,,,,,,,,,,,,,,,,,,,,,,,,,,,,,,,,,,,,,,,,,,,,,,,,,,,,,,,,,,,,,,,,,,,,,,,,,,,,,,,,,,,,,,,,,,,,,,,,,,,,,,,,,,,,,,,,,,,,,,,,,,,,,,,,,,,,,,,,,,,,,,,,,,,,,,,,,,,,,,,,,,,,,,,,,,,,,,,,,,,,,,,,,,,,,,,,,,,,,,,,,,,,,,,,,,,,,,,,,,,,,,,,,,,,,,,,,,,,,,,,,,,,,,,,,,,,,,,,,,,,,,,,,,,,,,,,,,,,,,,,,,,,,,,,,,,,,,,,,,,,,,,,,,,,,,,,,,,,,,,,,,,,,,,,,,,,,,,,,,,,,,,,,,,,,,,,,,,,,,,,,,,,,,,,,,,,,,,,,,,,,,,,,,,,,,,,,,,,,,,,,,,,,,,,,,,,,,,,,,,,,,,,,,,,,,,,,,,,,,,,,,,,,,,,,,,,,,,,,,,,,,,,,,,,,,,,,,,,,,,,,,,,,,,,,,,,,,,,,,,,,,,,,,,,,,,,,,,,,,,,,,,,,,,,,,,,,,,,,,,,,,,,,,,,,,,,,,,,,,,,,,,,,,,,,,,,,,,,,,,,,,,,,,,,,,,,,,,,,,,,,,,,,,,,,,,,,,,,,,,,,,,,,,,,,,,,,,,,,,,,,,,,,,,,,,,,,,,,,,,,,,,,,,,,,,,,,,,,,,,,,,,,,,,,,,,,,,,,,,,,,,,,,,,,,,,,,,,,,,,,,,,,,,,,,,,,,,,,,,,,,,,,,,,,,,,,,,,,,,,,,,,,,,,,,,,,,,,,,,,,,,,,,,,,,,,,,,,,,,,,,,,,,,,,,,,,,,,,,,,,,,,,,,,,,,,,,,,,,,,,,,,,,,,,,,,,,,,,,,,,,,,,,,,,,,,,,,,,,,,,,,,,,,,,,,,,,,,,,,,,,,,,,,,,,,,,,,,,,,,,,,,,,,,,,,,,,,,,,,,,,,,,,,,,,,,,,,,,,,,,,,,,,,,,,,,,,,,,,,,,,,,,,,,,,,,,,,,,,,,,,,,,,,,,,,,,,,,,,,,,,,,,,,,,,,,,,,,,,,,,,,,,,,,,,,,,,,,,,,,,,,,,,,,,,,,,,,,,,,,,,,,,,,,,,,,,,,,,,,,,,,,,,,,,,,,,,,,,,,,,,,,,,,,,,,,,,,,,,,,,,,,,,,,,,,,,,,,,,,,,,,,,,,,,,,,,,,,,,,,,,,,,,,,,,,,,,,,,,,,,,,,,,,,,,,,,,,,,,,,,,,,,,,,,,,,,,,,,,,,,,,,,,,,,,,,,,,,,,,,,,,,,,,,,,,,,,,,,,,,,,,,,,,,,,,,,,,,,,,,,,,,,,,,,,,,,,,,,,,,,,,,,,,,,,,,,,,,,,,,,,,,,,,,,,,,,,,,,,,,,,,,,,,,,,,,,,,,,,,,,,,,,,,,,,,,,,,,,,,,,,,,,,,,,,,,,,,,,,,,,,,,,,,,,,,,,,,,,,,,,,,,,,,,,,,,,,,,,,,,,,,,,,,,,,,,,,,,,,,,,,,,,,,,,,,,,,,,,,,,,,,,,,,,,,,,,,,,,,,,,,,,,,,,,,,,,,,,,,,,,,,,,,,,,,,,,,,,,,,,,,,,,,,,,,,,,,,,,,,,,,,,,,,,,,,,,,,,,,,,,,,,,,,,,,,,,,,,,,,,,,,,,,,,,,,,,,,,,,,,,,,,,,,,,,,,,,,,,,,,,,,,,,,,,,,,,,,,,,,,,,,,,,,,,,,,,,,,,,,,,,,,,,,,,,,,,,,,,,,,,,,,,,,,,,,,,,,,,,,,,,,,,,,,,,,,,,,,,,,,,,,,,,,,,,,,,,,,,,,,,,,,,,,,,,,,,,,,,,,,,,,,,,,16223.0,,,,,,,,,,,,,,,,,,,,,,,,,,,,,,,,,,,,,,,,,,,,,,,,,,,,,,,,,,,,,,,,,,,,,,,,,,,,,,,,,,,,,,,,,,,,,,,,,,,,,,,,,,,,,,,,,,,,,,,,,,,,,,,,,,,,,,,,,,,,,,,,,,,,,,,,,,,,,,,,,,,,,,,,,,,,,,,,,,,,,,,,,,,,,,,,,,,,,,,,,,,,,,,,,,,,,,,,,,,,,,,,,,,,,,,,,,,,,,,,,,,,,,,,,,,,,,,,,,,,,,,,,,,,,,,,,,,,,,,,,,,,,,,,,,,,,,,,,,,,,,,,,,,,,11526.0,,,,,,,,,,,,,,,,,,,,,,,,,,,,,,,,,,,,,,,,,,,,,,,,,,,,,,,,,,,,,,,,,,,,,,,,,,,,,,,,,,,,,,,,,,,,,,,,,,,,,,,,,,,,,,,,,,,,,,,,,,,,,,,,,,,,,,,,,,,,,,,,,,,,,,,,,,,,,,,,,,,,,,,,,,,,,,,,,,,,,,,,,,,,,,,,,,,,,,,,,,,,,,,,,,,,,,,,,,,,,,,,,,,,,,,,,,,,,,,,,,,,,,,,,,,,,,,,,,,,,,,,,,,,,,,,,,,,,,,,,,,,,,,,,,,,,,,,,,,,,,,,,,,,,,,,,,,,,,,,,,,,,,,,,,,,,,,,,,14961.0,,,,,,,,,,,,,,,,,,,,,,,,,,,,,,,,,,,,,,,,,,,,,,,,,,,,,,,,,,,,,,,,,,,,,,,,,,,,,,,,,,,,,,,,,,,,,,,,,,,,,,,,,,,,,,,,,,,,,,,,,,,,,,,,,,,,,,,,,,,,,,,,,,,,,,,,,,,,,,,,,,,,,,,,,,,,,,,,,,,,,,,,,,,,,,,,,,,,,,,,,,,,,,,,,,,,,,,,,,,,,,,,,,,,,,,,,,,,,,,,,,,,,,,,,,,,,,,,,,,,,,,,,,,,,,,,,,,,,,,,,,,,,,,,,,,,,,,,,,,,,,,,,,,,,,,,,,,,,,,,,,,,,,,,,,,,,,,,,,,,,,,,,,,,,,,,,,,,,,,,,,,,,,,,,,,,,,,,,,,,,,,,,,,,,,,,,,,,,,,,,,,,,,,,,,,,,,,,,,,,,,,,,,,,,,,,,,,,,,,,,,,,,,,,,,,,,,,,,,,,,,,,,,,,,,,,,,,,,,,,,,,,,,,,,,,,,,,,,,,,,,,,,,,,,,,,,,,,,,,,,,,,,,,,,,,,,,,,,,,,,,,,,,,,,,,,,,,,,,,,,,,,,,,,,,,,,,,,,,,,,,,,,,,,,,,,,,,,,,,,,,,,,,,,,,,,,,,,,,,,,,,,,,,,,,,,,,,,,,,,,,,,,,,,,,,,,,,,,,,,,,,,,,,,,,,,,,,,,,,,,,,,,,,,,,,,,,,,,,,,,,,,,,,,,,,,,,,,,,,,,,,,,,,,,,,,,,,,,,,,,,,,,,,,,,,,,,,,,,,,,,,,,,,,,,,,,,,,,,,,,,,,,,,,,,,,,,,,,,,,,,,,,,,,,,,,,,,,,,,,,,,,,,,,,,,,,,,,,,,,,,,,,,,,,,,,,,,,,,,,,,,,,,,,,,,,,,,,,,,,,,,,,,,,,,,,,,,,,,,,,,,,,,,,,,,,,,,,,,,,,,,,,,,,,,,,,,,,,,,,,,,,,,,,,,,,,,,,,,,,,,,,,,,,,,,,,,,,,,,,,,,,,,,,,,,,,,,,,,,,,,,,,,,,,,,,,,,,,,,,,,,,,,,,,,,,,,,,,,,,,,,,,,,,,,,,,,,,,,,,,,,,,,,,,,,,,,,,,,,,,,,,,,,,,,,,,,,,,,,,,,,,,,,,,,,,,,,,,,,,,,,,,,,,,,,,,,,,,,,,,,,,,,,,,,,,,,,,,,,,,,,,,,,,,,,,,,,,,,,,,,,,
,,,,,,,,,,,,,,,,,,,,,,,,,,,,,,,,,,,,,,,,,,,,,,,,,,,,,,,,,,,,,,,,,,,,,,,,,,,,,,,,,,,,,,,,,,,,,,,,,,,,,,,,,,,,,,,,,,,,,,,,,,,,,,,,,,,,,,,,,,,,,,,,,,,,,,,,,,,,,,,,,,,,,,,,,,,,,,,,,,,,,,,,,,,,,,,,,,,,,,,,,,,,,,,,,,,,,,,,,,,,,,,,,,,,,,,,,,,,,,,,,,,,,,,,,,,,,,,,,,,,,,,,,,,,,,,,,,,,,,,,,,,,,,,,,,,,,,,,,,,,,,,,,,,,,,,,,,,,,,,,,,,,,,,,,,,,,,,,,,,,,,,,,,,,,,,,,,,,,,,,,,,,,,,,,,,,,,,,,,,,,,,,,,,,,,,,,,,,,,,,,,,,,,,,,,,,,,,,,,,,,10772.0,,,,,,,,,,,,,,,,,,,,,,,,,,,,,,,,,,,,,,,,,,,,,,,,,,,,,,,,,,,,,,,,,,,,,,,,,,,,,,,,,,,,,,,,,,,,,,,,,,,,,,,,,,,,,,,,,,,,,,,,,,,,,,,,,,,,,,,,,,,,,,,,,,,,,,,,,,,,,,,,,,,,,,,,,,,,,,,,,,,,,,,,,,,,,,,,,,,,,,,,,,,,,,,,,,,,,,,,,,,,,,,,,,,,,,,,,,,,,,,,,,8702.0,,,,,,,,,,,,,,,,,,,,,,,,,,,,,,,,,,,,,,,,,,,,,,,,,,,,,,,,,,,,,,,,,,,,,,,,,,,,,,,,,,,,,,,,,,,,,,,,,,,,,,,,,,,,,,,,,,,,,,,,,,,,,,,,,,,,,,,,,,,,,,,,,,,,,,,,,,,,,,,,,,,,,,,,,,,,,,,,,,,,,,,,,,,,,,,,,,,,,,,,,,,,,,,,,,,,,,,,,,,,,,,,,,,,,,,,,,,,,,,,,,,,,,,,,,,,,,,,,,,,,,,,,,,,,,,,,,,,,,,,,,,,,,,,,,,,,,,,,,,,,,,,,,,,,,,,,,,,,,,,,,,,,,,,,,,,,,,,,,,,,,,,,,,,,,,,,,,,,,,,,,,,,,,,,,,,,,,,,,,,,,,,,,,,,,,,,,,,,,,,,,,,,,,,,,,,,,,,,,,,,,,,,,,,,,,,,,,,,,,,,,,,,,,,,,,,,,,,,,,,,,,,,,,,,,,,,,,,,,,,,,,,,,,,,,,,,,,,,,,,,,,,,,,,,,,,,,,,,,,,,,,,,,,,,,,,,,,,,,,,,,,,,,,,,,,,,,,,,,,,,,,,,,,,,,,,,,,,,,,,,,,,13697.0,,,,,,,,,,,,,,,,,,,,,,,,,,,,,,,,,,,,,,,,,,,,,,,,,,,,,,,,,,,,,,,,,,,,,,,,,,,,,,,,,,,,,,,,,,,,,,,,,,,,,,,,,,,,,,,,,,,,,,,,,,,,,,,,,,,,,,,,,,,,,,,,,,,,,,,,,,,,,,,,,,,,,,,,,,,,,,,,,,,,,,,,,,,,,,,,,,,,,,,,,,,,,,,,,,,,,,,,,,,,,,,,,,,,,,,,,,,,,,,,,,,,,,,,,,,,,,,,,,,,,,,,,,,,,,,,,,,,,,,,,,,,,,,,,,,,,,,,,,,,,,,,,,,,,,,,,,,,,,,,,,,,,,,,,,,,,,,,,,,,,,,,,,,,,,,,,,,,,,,,,,,,,,,,,,,,,,,,,,,,,,,,,,,,,,,,,,,,,,,,,,,,,,,,,,,,,,,,,,,,,,,,,,,,,,,,,,,,,,,,,,,,,,,,,,,,,,,,,,,,,,,,,,,,,,,,,,,,,,,,,,,,,,,,,,,,,,,,,,,,,,,,,,,,,,,,,,,,,,,,,,,,,,,,,,,,,,,,,,,,,,,,,,,,,,,,,,,,,,,,,,,,,,,,,,,,,,,,,,,,,,,,,,,,,,,,,,,,,,,,,,,,,,,,,,,,,,,,,,,,,,,,,,,,,,,,,,,,,,,,,,,,,,,,,,,,,,,,,,,,,,,,,,,,,,,,,,,,,,,,,,,,,,,,,,,,,,,,,,,,,,,,,,,,,,,,,,,,,,,,,,,,,,,,,,,,,,,,,,,,,,,,,,,,,,,,,,,,,,,,,,,,,,,,,,,,,,,,,,,,,,,,,,,,,,,,,,,,,,,,,,,,,,,,,,,,,,,,,,,,,,,,,,,,,,,,,,,,,,,,,,,,,,,,,,,,,,,,,,,,,,,,,,,,,,,,,,,,,,,,,,,,,,,,,,,,,,,,,,,,,,,,,,,,,,,,,,,,,,,,,,,,,,,,,,,,,,,,,,,,,,,,,,,,,,,,,,,,,,,,,,,,,,,,,,,,,,,,,,,,,,,,,,,,,,,,,,,,,,,,,,,,,,,,,,,,,,,,,,,,,,,,,,,,,,,,,,,,,,,,,,,,,,,,,,,,,,,,,,,,,,,,,,,,,,,,,,,,,,,,,,,,,,,,,,,,,,,,,,,,,,,,,,,,,,,,,,,,,,,,,,,,,,,,,,,,,,,,,,,,,,,,,,,,,,,,,,,,,,,,,,,,,,,,,,,,,,,,,,,,,,,,,,,,,,,,,,,,,,,,,,,,,,,,,,,,,,,,,,,,,,,,,,,,,,,,,,,,,,,,,,,,,,,,,,,,,,,,,,,,,,,,,,,,,,,,,,,,,,,,,,,,,,,,,,,,,,,,,,,,,,,,,,,,,,,,,,,,,,,,,,,,,,,,,,,,,,,,,,,,,,,,,,,,,,,,,,,,,,,,,,,,,,,,,,,,,,,,,,,,,,,,,,,,,,,,,,,,,,,,,,,,,,,,,,,,,,,,,,,,,,,,,,,,,,,,,,,,,,,,,,,,,,,,,,,,,,,,,,,,,,,,,,,,,,,,,,,,,,,,,,,,,,,,,,,,,,,,,,,,,,,,,,,,,,,,,,,,,,,,,,,,,,,,,,,,,,,,,,,,,,,,,,,,,,,,,,,,,,,,,,,,,,,,,,,,,,,,,,,,,,,,,,,,,,,,,,,,,,,,,,,,,,,,,,,,,,,,,,,,,,,,,,,,,,,,,,,,,,,,,,,,,,,,,,,,,,,,,,,,,,,,,,,,,,,,,,,,,,,,,,,,,,,,,,,,,,,,,,,,,,,,,,,,,,,,,,,,,,,,,,,,,,,,,,,,,,,,,,,,,,,,,,,,,,,,,,,,,,,,,,,,,,,,,,,,,,,,,,,,,,,,,,,,,,,,,,,,,,,,,,,,,,,,,,,,,,,,,,,,,,,,,,,,,,,,,,,,,,,,,,,,,,,,,,,,,,,,,,,,,,,,,,,,,,,,,,,,,,,,,,,,,,,,,,,,,,,,,,,,,,,,,,,,,,,,,,,,,,,,,17121.0,,,,,,,,,,,,,,,,,,,,,,,,,,,,,,,,,,,,,,,,,,,,,,,,,,,,,,,,,,,,,,,,,,,,,,,,,,,,,,,,,,,,,,,,,,,,,,,,,,,,,,,,,,,,,,,,,,,,,,,,,,,,,,,,,,,,,,,,,,,,,,,,,,,,,,,,,,,,,,,,,,,,,,,,,,,,,,,,,,,,,,,,,,,,,,,,,,,,,,,,,,,,,,,,,,,,,,,,,,,,,,,,,,,,,,,,,,,,,,,,,,,,,,,,,,,,,,,,,,,,,,,,,,,,,,,,,,,,,,,,,,,,,,,,,,,,,,,,,,,,,,,,,,,,,11692.0,,,,,,,,,,,,,,,,,,,,,,,,,,,,,,,,,,,,,,,,,,,,,,,,,,,,,,,,,,,,,,,,,,,,,,,,,,,,,,,,,,,,,,,,,,,,,,,,,,,,,,,,,,,,,,,,,,,,,,,,,,,,,,,,,,,,,,,,,,,,,,,,,,,,,,,,,,,,,,,,,,,,,,,,,,,,,,,,,,,,,,,,,,,,,,,,,,,,,,,,,,,,,,,,,,,,,,,,,,,,,,,,,,,,,,,,,,,,,,,,,,,,,,,,,,,,,,,,,,,,,,,,,,,,,,,,,,,,,,,,,,,,,,,,,,,,,,,,,,,,,,,,,,,,,,,,,,,,,,,,,,,,,,,,,,,,,,,,,,17331.0,,,,,,,,,,,,,,,,,,,,,,,,,,,,,,,,,,,,,,,,,,,,,,,,,,,,,,,,,,,,,,,,,,,,,,,,,,,,,,,,,,,,,,,,,,,,,,,,,,,,,,,,,,,,,,,,,,,,,,,,,,,,,,,,,,,,,,,,,,,,,,,,,,,,,,,,,,,,,,,,,,,,,,,,,,,,,,,,,,,,,,,,,,,,,,,,,,,,,,,,,,,,,,,,,,,,,,,,,,,,,,,,,,,,,,,,,,,,,,,,,,,,,,,,,,,,,,,,,,,,,,,,,,,,,,,,,,,,,,,,,,,,,,,,,,,,,,,,,,,,,,,,,,,,,,,,,,,,,,,,,,,,,,,,,,,,,,,,,,,,,,,,,,,,,,,,,,,,,,,,,,,,,,,,,,,,,,,,,,,,,,,,,,,,,,,,,,,,,,,,,,,,,,,,,,,,,,,,,,,,,,,,,,,,,,,,,,,,,,,,,,,,,,,,,,,,,,,,,,,,,,,,,,,,,,,,,,,,,,,,,,,,,,,,,,,,,,,,,,,,,,,,,,,,,,,,,,,,,,,,,,,,,,,,,,,,,,,,,,,,,,,,,,,,,,,,,,,,,,,,,,,,,,,,,,,,,,,,,,,,,,,,,,,,,,,,,,,,,,,,,,,,,,,,,,,,,,,,,,,,,,,,,,,,,,,,,,,,,,,,,,,,,,,,,,,,,,,,,,,,,,,,,,,,,,,,,,,,,,,,,,,,,,,,,,,,,,,,,,,,,,,,,,,,,,,,,,,,,,,,,,,,,,,,,,,,,,,,,,,,,,,,,,,,,,,,,,,,,,,,,,,,,,,,,,,,,,,,,,,,,,,,,,,,,,,,,,,,,,,,,,,,,,,,,,,,,,,,,,,,,,,,,,,,,,,,,,,,,,,,,,,,,,,,,,,,,,,,,,,,,,,,,,,,,,,,,,,,,,,,,,,,,,,,,,,,,,,,,,,,,,,,,,,,,,,,,,,,,,,,,,,,,,,,,,,,,,,,,,,,,,,,,,,,,,,,,,,,,,,,,,,,,,,,,,,,,,,,,,,,,,,,,,,,,,,,,,,,,,,,,,,,,,,,,,,,,,,,,,,,,,,,,,,,,,,,,,,,,,,,,,,,,,,,,,,,,,,,,,,,,,,,,,,,,,,,,,,,,,,,,,,,,,,,,,,,,,,,,,,,,,,,,,,,,,,,,,,,,,,,,,,,,,,,,,,,,,,,,,,,,,,,,,,,,,,,,,,,,,,,,,,,,,,,,,,,,,,,,,,,,,,,
,,,,,,,,,,,,,,,,,,,,,,,,,,,,,,,,,,,,,,,,,,,,,,,,,,,,,,,,,,,,,,,,,,,,,,,,,,,,,,,,,,,,,,,,,,,,,,,,,,,,,,,,,,,,,,,,,,,,,,,,,,,,,,,,,,,,,,,,,,,,,,,,,,,,,,,,,,,,,,,,,,,,,,,,,,,,,,,,,,,,,,,,,,,,,,,,,,,,,,,,,,,,,,,,,,,,,,,,,,,,,,,,,,,,,,,,,,,,,,,,,,,,,,,,,,,,,,,,,,,,,,,,,,,,,,,,,,,,,,,,,,,,,,,,,,,,,,,,,,,,,,,,,,,,,,,,,,,,,,,,,,,,,,,,,,,,,,,,,,,,,,,,,,,,,,,,,,,,,,,,,,,,,,,,,,,,,,,,,,,,,,,,,,,,,,,,,,,,,,,,,,,,,,,,,,,,,,,,,,,,,10898.0,,,,,,,,,,,,,,,,,,,,,,,,,,,,,,,,,,,,,,,,,,,,,,,,,,,,,,,,,,,,,,,,,,,,,,,,,,,,,,,,,,,,,,,,,,,,,,,,,,,,,,,,,,,,,,,,,,,,,,,,,,,,,,,,,,,,,,,,,,,,,,,,,,,,,,,,,,,,,,,,,,,,,,,,,,,,,,,,,,,,,,,,,,,,,,,,,,,,,,,,,,,,,,,,,,,,,,,,,,,,,,,,,,,,,,,,,,,,,,,,,,8738.0,,,,,,,,,,,,,,,,,,,,,,,,,,,,,,,,,,,,,,,,,,,,,,,,,,,,,,,,,,,,,,,,,,,,,,,,,,,,,,,,,,,,,,,,,,,,,,,,,,,,,,,,,,,,,,,,,,,,,,,,,,,,,,,,,,,,,,,,,,,,,,,,,,,,,,,,,,,,,,,,,,,,,,,,,,,,,,,,,,,,,,,,,,,,,,,,,,,,,,,,,,,,,,,,,,,,,,,,,,,,,,,,,,,,,,,,,,,,,,,,,,,,,,,,,,,,,,,,,,,,,,,,,,,,,,,,,,,,,,,,,,,,,,,,,,,,,,,,,,,,,,,,,,,,,,,,,,,,,,,,,,,,,,,,,,,,,,,,,,,,,,,,,,,,,,,,,,,,,,,,,,,,,,,,,,,,,,,,,,,,,,,,,,,,,,,,,,,,,,,,,,,,,,,,,,,,,,,,,,,,,,,,,,,,,,,,,,,,,,,,,,,,,,,,,,,,,,,,,,,,,,,,,,,,,,,,,,,,,,,,,,,,,,,,,,,,,,,,,,,,,,,,,,,,,,,,,,,,,,,,,,,,,,,,,,,,,,,,,,,,,,,,,,,,,,,,,,,,,,,,,,,,,,,,,,,,,,,,,,,,,,,,14395.0,,,,,,,,,,,,,,,,,,,,,,,,,,,,,,,,,,,,,,,,,,,,,,,,,,,,,,,,,,,,,,,,,,,,,,,,,,,,,,,,,,,,,,,,,,,,,,,,,,,,,,,,,,,,,,,,,,,,,,,,,,,,,,,,,,,,,,,,,,,,,,,,,,,,,,,,,,,,,,,,,,,,,,,,,,,,,,,,,,,,,,,,,,,,,,,,,,,,,,,,,,,,,,,,,,,,,,,,,,,,,,,,,,,,,,,,,,,,,,,,,,,,,,,,,,,,,,,,,,,,,,,,,,,,,,,,,,,,,,,,,,,,,,,,,,,,,,,,,,,,,,,,,,,,,,,,,,,,,,,,,,,,,,,,,,,,,,,,,,,,,,,,,,,,,,,,,,,,,,,,,,,,,,,,,,,,,,,,,,,,,,,,,,,,,,,,,,,,,,,,,,,,,,,,,,,,,,,,,,,,,,,,,,,,,,,,,,,,,,,,,,,,,,,,,,,,,,,,,,,,,,,,,,,,,,,,,,,,,,,,,,,,,,,,,,,,,,,,,,,,,,,,,,,,,,,,,,,,,,,,,,,,,,,,,,,,,,,,,,,,,,,,,,,,,,,,,,,,,,,,,,,,,,,,,,,,,,,,,,,,,,,,,,,,,,,,,,,,,,,,,,,,,,,,,,,,,,,,,,,,,,,,,,,,,,,,,,,,,,,,,,,,,,,,,,,,,,,,,,,,,,,,,,,,,,,,,,,,,,,,,,,,,,,,,,,,,,,,,,,,,,,,,,,,,,,,,,,,,,,,,,,,,,,,,,,,,,,,,,,,,,,,,,,,,,,,,,,,,,,,,,,,,,,,,,,,,,,,,,,,,,,,,,,,,,,,,,,,,,,,,,,,,,,,,,,,,,,,,,,,,,,,,,,,,,,,,,,,,,,,,,,,,,,,,,,,,,,,,,,,,,,,,,,,,,,,,,,,,,,,,,,,,,,,,,,,,,,,,,,,,,,,,,,,,,,,,,,,,,,,,,,,,,,,,,,,,,,,,,,,,,,,,,,,,,,,,,,,,,,,,,,,,,,,,,,,,,,,,,,,,,,,,,,,,,,,,,,,,,,,,,,,,,,,,,,,,,,,,,,,,,,,,,,,,,,,,,,,,,,,,,,,,,,,,,,,,,,,,,,,,,,,,,,,,,,,,,,,,,,,,,,,,,,,,,,,,,,,,,,,,,,,,,,,,,,,,,,,,,,,,,,,,,,,,,,,,,,,,,,,,,,,,,,,,,,,,,,,,,,,,,,,,,,,,,,,,,,,,,,,,,,,,,,,,,,,,,,,,,,,,,,,,,,,,,,,,,,,,,,,,,,,,,,,,,,,,,,,,,,,,,,,,,,,,,,,,,,,,,,,,,,,,,,,,,,,,,,,,,,,,,,,,,,,,,,,,,,,,,,,,,,,,,,,,,,,,,,,,,,,,,,,,,,,,,,,,,,,,,,,,,,,,,,,,,,,,,,,,,,,,,,,,,,,,,,,,,,,,,,,,,,,,,,,,,,,,,,,,,,,,,,,,,,,,,,,,,,,,,,,,,,,,,,,,,,,,,,,,,,,,,,,,,,,,,,,,,,,,,,,,,,,,,,,,,,,,,,,,,,,,,,,,,,,,,,,,,,,,,,,,,,,,,,,,,,,,,,,,,,,,,,,,,,,,,,,,,,,,,,,,,,,,,,,,,,,,,,,,,,,,,,,,,,,,,,,,,,,,,,,,,,,,,,,,,,,,,,,,,,,,,,,,,,,,,,,,,,,,,,,,,,,,,,,,,,,,,,,,,,,,,,,,,,,,,,,,,,,,,,,,,,,,,,,,,,,,,,,,,,,,,,,,,,,,,,,,,,,,,,,,,,,,,,,,,,,,,,,,,,,,,,,,,,,,,,,,,,,,,,,,,,,,,,,,,,,,,,,,,,,,,,,,,,,,,,,,,,,,,,,,,,,,,,,,,,,,,,,,,,,,,,,,,,,,,,,,,,,,,,,,,,,,,,,,,,,,,,,,,,,,,,,,,,,,,,,,,,,,,,,,,,,,,,,,,,,,,,,,,,,,,,,,,,,,,,,,,,,,,,,,,,,,,,,,,,,,,,,,,,,,17671.0,,,,,,,,,,,,,,,,,,,,,,,,,,,,,,,,,,,,,,,,,,,,,,,,,,,,,,,,,,,,,,,,,,,,,,,,,,,,,,,,,,,,,,,,,,,,,,,,,,,,,,,,,,,,,,,,,,,,,,,,,,,,,,,,,,,,,,,,,,,,,,,,,,,,,,,,,,,,,,,,,,,,,,,,,,,,,,,,,,,,,,,,,,,,,,,,,,,,,,,,,,,,,,,,,,,,,,,,,,,,,,,,,,,,,,,,,,,,,,,,,,,,,,,,,,,,,,,,,,,,,,,,,,,,,,,,,,,,,,,,,,,,,,,,,,,,,,,,,,,,,,,,,,,,,12677.0,,,,,,,,,,,,,,,,,,,,,,,,,,,,,,,,,,,,,,,,,,,,,,,,,,,,,,,,,,,,,,,,,,,,,,,,,,,,,,,,,,,,,,,,,,,,,,,,,,,,,,,,,,,,,,,,,,,,,,,,,,,,,,,,,,,,,,,,,,,,,,,,,,,,,,,,,,,,,,,,,,,,,,,,,,,,,,,,,,,,,,,,,,,,,,,,,,,,,,,,,,,,,,,,,,,,,,,,,,,,,,,,,,,,,,,,,,,,,,,,,,,,,,,,,,,,,,,,,,,,,,,,,,,,,,,,,,,,,,,,,,,,,,,,,,,,,,,,,,,,,,,,,,,,,,,,,,,,,,,,,,,,,,,,,,,,,,,,,,17429.0,,,,,,,,,,,,,,,,,,,,,,,,,,,,,,,,,,,,,,,,,,,,,,,,,,,,,,,,,,,,,,,,,,,,,,,,,,,,,,,,,,,,,,,,,,,,,,,,,,,,,,,,,,,,,,,,,,,,,,,,,,,,,,,,,,,,,,,,,,,,,,,,,,,,,,,,,,,,,,,,,,,,,,,,,,,,,,,,,,,,,,,,,,,,,,,,,,,,,,,,,,,,,,,,,,,,,,,,,,,,,,,,,,,,,,,,,,,,,,,,,,,,,,,,,,,,,,,,,,,,,,,,,,,,,,,,,,,,,,,,,,,,,,,,,,,,,,,,,,,,,,,,,,,,,,,,,,,,,,,,,,,,,,,,,,,,,,,,,,,,,,,,,,,,,,,,,,,,,,,,,,,,,,,,,,,,,,,,,,,,,,,,,,,,,,,,,,,,,,,,,,,,,,,,,,,,,,,,,,,,,,,,,,,,,,,,,,,,,,,,,,,,,,,,,,,,,,,,,,,,,,,,,,,,,,,,,,,,,,,,,,,,,,,,,,,,,,,,,,,,,,,,,,,,,,,,,,,,,,,,,,,,,,,,,,,,,,,,,,,,,,,,,,,,,,,,,,,,,,,,,,,,,,,,,,,,,,,,,,,,,,,,,,,,,,,,,,,,,,,,,,,,,,,,,,,,,,,,,,,,,,,,,,,,,,,,,,,,,,,,,,,,,,,,,,,,,,,,,,,,,,,,,,,,,,,,,,,,,,,,,,,,,,,,,,,,,,,,,,,,,,,,,,,,,,,,,,,,,,,,,,,,,,,,,,,,,,,,,,,,,,,,,,,,,,,,,,,,,,,,,,,,,,,,,,,,,,,,,,,,,,,,,,,,,,,,,,,,,,,,,,,,,,,,,,,,,,,,,,,,,,,,,,,,,,,,,,,,,,,,,,,,,,,,,,,,,,,,,,,,,,,,,,,,,,,,,,,,,,,,,,,,,,,,,,,,,,,,,,,,,,,,,,,,,,,,,,,,,,,,,,,,,,,,,,,,,,,,,,,,,,,,,,,,,,,,,,,,,,,,,,,,,,,,,,,,,,,,,,,,,,,,,,,,,,,,,,,,,,,,,,,,,,,,,,,,,,,,,,,,,,,,,,,,,,,,,,,,,,,,,,,,,,,,,,,,,,,,,,,,,,,,,,,,,,,,,,,,,,,,,,,,,,,,,,,,,,,,,,,,,,,,,,,,,,,,,,,,,,,,,,,,,,,,,,,,,,,,,,,,,,,,,,,,,,,,,,,,,,,,,,,,,,,,,,,,,,,,,,,,,,,,
,,,,,,,,,,,,,,,,,,,,,,,,,,,,,,,,,,,,,,,,,,,,,,,,,,,,,,,,,,,,,,,,,,,,,,,,,,,,,,,,,,,,,,,,,,,,,,,,,,,,,,,,,,,,,,,,,,,,,,,,,,,,,,,,,,,,,,,,,,,,,,,,,,,,,,,,,,,,,,,,,,,,,,,,,,,,,,,,,,,,,,,,,,,,,,,,,,,,,,,,,,,,,,,,,,,,,,,,,,,,,,,,,,,,,,,,,,,,,,,,,,,,,,,,,,,,,,,,,,,,,,,,,,,,,,,,,,,,,,,,,,,,,,,,,,,,,,,,,,,,,,,,,,,,,,,,,,,,,,,,,,,,,,,,,,,,,,,,,,,,,,,,,,,,,,,,,,,,,,,,,,,,,,,,,,,,,,,,,,,,,,,,,,,,,,,,,,,,,,,,,,,,,,,,,,,,,,,,,,,,,11578.0,,,,,,,,,,,,,,,,,,,,,,,,,,,,,,,,,,,,,,,,,,,,,,,,,,,,,,,,,,,,,,,,,,,,,,,,,,,,,,,,,,,,,,,,,,,,,,,,,,,,,,,,,,,,,,,,,,,,,,,,,,,,,,,,,,,,,,,,,,,,,,,,,,,,,,,,,,,,,,,,,,,,,,,,,,,,,,,,,,,,,,,,,,,,,,,,,,,,,,,,,,,,,,,,,,,,,,,,,,,,,,,,,,,,,,,,,,,,,,,,,,9019.0,,,,,,,,,,,,,,,,,,,,,,,,,,,,,,,,,,,,,,,,,,,,,,,,,,,,,,,,,,,,,,,,,,,,,,,,,,,,,,,,,,,,,,,,,,,,,,,,,,,,,,,,,,,,,,,,,,,,,,,,,,,,,,,,,,,,,,,,,,,,,,,,,,,,,,,,,,,,,,,,,,,,,,,,,,,,,,,,,,,,,,,,,,,,,,,,,,,,,,,,,,,,,,,,,,,,,,,,,,,,,,,,,,,,,,,,,,,,,,,,,,,,,,,,,,,,,,,,,,,,,,,,,,,,,,,,,,,,,,,,,,,,,,,,,,,,,,,,,,,,,,,,,,,,,,,,,,,,,,,,,,,,,,,,,,,,,,,,,,,,,,,,,,,,,,,,,,,,,,,,,,,,,,,,,,,,,,,,,,,,,,,,,,,,,,,,,,,,,,,,,,,,,,,,,,,,,,,,,,,,,,,,,,,,,,,,,,,,,,,,,,,,,,,,,,,,,,,,,,,,,,,,,,,,,,,,,,,,,,,,,,,,,,,,,,,,,,,,,,,,,,,,,,,,,,,,,,,,,,,,,,,,,,,,,,,,,,,,,,,,,,,,,,,,,,,,,,,,,,,,,,,,,,,,,,,,,,,,,,,,,,,,16233.0,,,,,,,,,,,,,,,,,,,,,,,,,,,,,,,,,,,,,,,,,,,,,,,,,,,,,,,,,,,,,,,,,,,,,,,,,,,,,,,,,,,,,,,,,,,,,,,,,,,,,,,,,,,,,,,,,,,,,,,,,,,,,,,,,,,,,,,,,,,,,,,,,,,,,,,,,,,,,,,,,,,,,,,,,,,,,,,,,,,,,,,,,,,,,,,,,,,,,,,,,,,,,,,,,,,,,,,,,,,,,,,,,,,,,,,,,,,,,,,,,,,,,,,,,,,,,,,,,,,,,,,,,,,,,,,,,,,,,,,,,,,,,,,,,,,,,,,,,,,,,,,,,,,,,,,,,,,,,,,,,,,,,,,,,,,,,,,,,,,,,,,,,,,,,,,,,,,,,,,,,,,,,,,,,,,,,,,,,,,,,,,,,,,,,,,,,,,,,,,,,,,,,,,,,,,,,,,,,,,,,,,,,,,,,,,,,,,,,,,,,,,,,,,,,,,,,,,,,,,,,,,,,,,,,,,,,,,,,,,,,,,,,,,,,,,,,,,,,,,,,,,,,,,,,,,,,,,,,,,,,,,,,,,,,,,,,,,,,,,,,,,,,,,,,,,,,,,,,,,,,,,,,,,,,,,,,,,,,,,,,,,,,,,,,,,,,,,,,,,,,,,,,,,,,,,,,,,,,,,,,,,,,,,,,,,,,,,,,,,,,,,,,,,,,,,,,,,,,,,,,,,,,,,,,,,,,,,,,,,,,,,,,,,,,,,,,,,,,,,,,,,,,,,,,,,,,,,,,,,,,,,,,,,,,,,,,,,,,,,,,,,,,,,,,,,,,,,,,,,,,,,,,,,,,,,,,,,,,,,,,,,,,,,,,,,,,,,,,,,,,,,,,,,,,,,,,,,,,,,,,,,,,,,,,,,,,,,,,,,,,,,,,,,,,,,,,,,,,,,,,,,,,,,,,,,,,,,,,,,,,,,,,,,,,,,,,,,,,,,,,,,,,,,,,,,,,,,,,,,,,,,,,,,,,,,,,,,,,,,,,,,,,,,,,,,,,,,,,,,,,,,,,,,,,,,,,,,,,,,,,,,,,,,,,,,,,,,,,,,,,,,,,,,,,,,,,,,,,,,,,,,,,,,,,,,,,,,,,,,,,,,,,,,,,,,,,,,,,,,,,,,,,,,,,,,,,,,,,,,,,,,,,,,,,,,,,,,,,,,,,,,,,,,,,,,,,,,,,,,,,,,,,,,,,,,,,,,,,,,,,,,,,,,,,,,,,,,,,,,,,,,,,,,,,,,,,,,,,,,,,,,,,,,,,,,,,,,,,,,,,,,,,,,,,,,,,,,,,,,,,,,,,,,,,,,,,,,,,,,,,,,,,,,,,,,,,,,,,,,,,,,,,,,,,,,,,,,,,,,,,,,,,,,,,,,,,,,,,,,,,,,,,,,,,,,,,,,,,,,,,,,,,,,,,,,,,,,,,,,,,,,,,,,,,,,,,,,,,,,,,,,,,,,,,,,,,,,,,,,,,,,,,,,,,,,,,,,,,,,,,,,,,,,,,,,,,,,,,,,,,,,,,,,,,,,,,,,,,,,,,,,,,,,,,,,,,,,,,,,,,,,,,,,,,,,,,,,,,,,,,,,,,,,,,,,,,,,,,,,,,,,,,,,,,,,,,,,,,,,,,,,,,,,,,,,,,,,,,,,,,,,,,,,,,,,,,,,,,,,,,,,,,,,,,,,,,,,,,,,,,,,,,,,,,,,,,,,,,,,,,,,,,,,,,,,,,,,,,,,,,,,,,,,,,,,,,,,,,,,,,,,,,,,,,,,,,,,,,,,,,,,,,,,,,,,,,,,,,,,,,,,,,,,,,,,,,,,,,,,,,,,,,,,,,,,,,,,,,,,,,,,,,,,,,,,,,,,,,,,,,,,,,,,,,,,,,,,,,,,,,,,,,,,,,,,,,,,,,,,,,,,,,,,,,,,,,,,,,,,,,,,,,,,,,,,,,,,,,,,,,,,,,,,,,,,,,,,,,,,,,,,,,,,,,,,,,,,,,,,,,,,,,,,,,,,,,,,,,,,,,,,,,,,,,,,,,,,,,,,,,,,,,,,,,,,,,,,,,,,,,,,,,,,,,,,,,,,,,,,,,,,,,,,,,,,,,,,,,,,,,,,,,,,,,,,,,,,,,,,,,,,,,,,,,,,,,,,,,,,,,,,,,,,,,,,,,,,,,,,,,,,,,,,,,,,,,,,,,,,,,,,,,,,,,,,,,,,,,,,,,,,,,,,,,,,,,,,,,,,,,,,,,,,,,,,,,,,,,,,,,,,,,,,,,,,,,,,,,,,,,,,,,,,,,,,,,,,,,,,,,,,,,,,,,,,,,,,,,,,,,,,,,,,,,,,,,,,,,,,,,,,,,,,,,,,,,,,,,,,,,,,,,,,,,,,,,,,,,,,,,,,,,,,,,,12918.0,,,,,,,,,,,,,,,,,,,,,,,,,,,,,,,,,,,,,,,,,,,,,,,,,,,,,,,,,,,,,,,,,,,,,,,,,,,,,,,,,,,,,,,,,,,,,,,,,,,,,,,,,,,,,,,,,,,,,,,,,,,,,,,,,,,,,,,,,,,,,,,,,,,,,,,,,,,,,,,,,,,,,,,,,,,,,,,,,,,,,,,,,,,,,,,,,,,,,,,,,,,,,,,,,,,,,,,,,,,,,,,,,,,,,,,,,,,,,,,,,,,,,,,,,,,,,,,,,,,,,,,,,,,,,,,,,,,,,,,,,,,,,,,,,,,,,,,,,,,,,,,,,,,,,,,,,,,,,,,,,,,,,,,,,,,,,,,,,,17688.0,,,,,,,,,,,,,,,,,,,,,,,,,,,,,,,,,,,,,,,,,,,,,,,,,,,,,,,,,,,,,,,,,,,,,,,,,,,,,,,,,,,,,,,,,,,,,,,,,,,,,,,,,,,,,,,,,,,,,,,,,,,,,,,,,,,,,,,,,,,,,,,,,,,,,,,,,,,,,,,,,,,,,,,,,,,,,,,,,,,,,,,,,,,,,,,,,,,,,,,,,,,,,,,,,,,,,,,,,,,,,,,,,,,,,,,,,,,,,,,,,,,,,,,,,,,,,,,,,,,,,,,,,,,,,,,,,,,,,,,,,,,,,,,,,,,,,,,,,,,,,,,,,,,,,,,,,,,,,,,,,,,,,,,,,,,,,,,,,,,,,,,,,,,,,,,,,,,,,,,,,,,,,,,,,,,,,,,,,,,,,,,,,,,,,,,,,,,,,,,,,,,,,,,,,,,,,,,,,,,,,,,,,,,,,,,,,,,,,,,,,,,,,,,,,,,,,,,,,,,,,,,,,,,,,,,,,,,,,,,,,,,,,,,,,,,,,,,,,,,,,,,,,,,,,,,,,,,,,,,,,,,,,,,,,,,,,,,,,,,,,,,,,,,,,,,,,,,,,,,,,,,,,,,,,,,,,,,,,,,,,,,,,,,,,,,,,,,,,,,,,,,,,,,,,,,,,,,,,,,,,,,,,,,,,,,,,,,,,,,,,,,,,,,,,,,,,,,,,,,,,,,,,,,,,,,,,,,,,,,,,,,,,,,,,,,,,,,,,,,,,,,,,,,,,,,,,,,,,,,,,,,,,,,,,,,,,,,,,,,,,,,,,,,,,,,,,,,,,,,,,,,,,,,,,,,,,,,,,,,,,,,,,,,,,,,,,,,,,,,,,,,,,,,,,,,,,,,,,,,,,,,,,,,,,,,,,,,,,,,,,,,,,,,,,,,,,,,,,,,,,,,,,,,,,,,,,,,,,,,,,,,,,,,,,,,,,,,,,,,,,,,,,,,,,,,,,,,,,,,,,,,,,,,,,,,,,,,,,,,,,,,,,,,,,,,,,,,,,,,,,,,,,,,,,,,,,,,,,,,,,,,,,,,,,,,,,,,,,,,,,,,,,,,,,,,,,,,,,,,,,,,,,,,,,,,,,,,,,,,,,,,,,,,,,,,,,,,,,,,,,,,,,,,,,,,,,,,,,,,,,,,,,,,,,,,,,,,,,,,,,,,,,,,,,,,,,,,,,,,,,,,,,,,,,,,,,,,,,,,,,,,,,,,,,,,,,,,,,,,,,,,,,,,,,,,,,,,,,,,,,,,,
,,,,,,,,,,,,,,,,,,,,,,,,,,,,,,,,,,,,,,,,,,,,,,,,,,,,,,,,,,,,,,,,,,,,,,,,,,,,,,,,,,,,,,,,,,,,,,,,,,,,,,,,,,,,,,,,,,,,,,,,,,,,,,,,,,,,,,,,,,,,,,,,,,,,,,,,,,,,,,,,,,,,,,,,,,,,,,,,,,,,,,,,,,,,,,,,,,,,,,,,,,,,,,,,,,,,,,,,,,,,,,,,,,,,,,,,,,,,,,,,,,,,,,,,,,,,,,,,,,,,,,,,,,,,,,,,,,,,,,,,,,,,,,,,,,,,,,,,,,,,,,,,,,,,,,,,,,,,,,,,,,,,,,,,,,,,,,,,,,,,,,,,,,,,,,,,,,,,,,,,,,,,,,,,,,,,,,,,,,,,,,,,,,,,,,,,,,,,,,,,,,,,,,,,,,,,,,,,,,,,,12095.0,,,,,,,,,,,,,,,,,,,,,,,,,,,,,,,,,,,,,,,,,,,,,,,,,,,,,,,,,,,,,,,,,,,,,,,,,,,,,,,,,,,,,,,,,,,,,,,,,,,,,,,,,,,,,,,,,,,,,,,,,,,,,,,,,,,,,,,,,,,,,,,,,,,,,,,,,,,,,,,,,,,,,,,,,,,,,,,,,,,,,,,,,,,,,,,,,,,,,,,,,,,,,,,,,,,,,,,,,,,,,,,,,,,,,,,,,,,,,,,,,,9141.0,,,,,,,,,,,,,,,,,,,,,,,,,,,,,,,,,,,,,,,,,,,,,,,,,,,,,,,,,,,,,,,,,,,,,,,,,,,,,,,,,,,,,,,,,,,,,,,,,,,,,,,,,,,,,,,,,,,,,,,,,,,,,,,,,,,,,,,,,,,,,,,,,,,,,,,,,,,,,,,,,,,,,,,,,,,,,,,,,,,,,,,,,,,,,,,,,,,,,,,,,,,,,,,,,,,,,,,,,,,,,,,,,,,,,,,,,,,,,,,,,,,,,,,,,,,,,,,,,,,,,,,,,,,,,,,,,,,,,,,,,,,,,,,,,,,,,,,,,,,,,,,,,,,,,,,,,,,,,,,,,,,,,,,,,,,,,,,,,,,,,,,,,,,,,,,,,,,,,,,,,,,,,,,,,,,,,,,,,,,,,,,,,,,,,,,,,,,,,,,,,,,,,,,,,,,,,,,,,,,,,,,,,,,,,,,,,,,,,,,,,,,,,,,,,,,,,,,,,,,,,,,,,,,,,,,,,,,,,,,,,,,,,,,,,,,,,,,,,,,,,,,,,,,,,,,,,,,,,,,,,,,,,,,,,,,,,,,,,,,,,,,,,,,,,,,,,,,,,,,,,,,,,,,,,,,,,,,,,,,,,,,,16271.0,,,,,,,,,,,,,,,,,,,,,,,,,,,,,,,,,,,,,,,,,,,,,,,,,,,,,,,,,,,,,,,,,,,,,,,,,,,,,,,,,,,,,,,,,,,,,,,,,,,,,,,,,,,,,,,,,,,,,,,,,,,,,,,,,,,,,,,,,,,,,,,,,,,,,,,,,,,,,,,,,,,,,,,,,,,,,,,,,,,,,,,,,,,,,,,,,,,,,,,,,,,,,,,,,,,,,,,,,,,,,,,,,,,,,,,,,,,,,,,,,,,,,,,,,,,,,,,,,,,,,,,,,,,,,,,,,,,,,,,,,,,,,,,,,,,,,,,,,,,,,,,,,,,,,,,,,,,,,,,,,,,,,,,,,,,,,,,,,,,,,,,,,,,,,,,,,,,,,,,,,,,,,,,,,,,,,,,,,,,,,,,,,,,,,,,,,,,,,,,,,,,,,,,,,,,,,,,,,,,,,,,,,,,,,,,,,,,,,,,,,,,,,,,,,,,,,,,,,,,,,,,,,,,,,,,,,,,,,,,,,,,,,,,,,,,,,,,,,,,,,,,,,,,,,,,,,,,,,,,,,,,,,,,,,,,,,,,,,,,,,,,,,,,,,,,,,,,,,,,,,,,,,,,,,,,,,,,,,,,,,,,,,,,,,,,,,,,,,,,,,,,,,,,,,,,,,,,,,,,,,,,,,,,,,,,,,,,,,,,,,,,,,,,,,,,,,,,,,,,,,,,,,,,,,,,,,,,,,,,,,,,,,,,,,,,,,,,,,,,,,,,,,,,,,,,,,,,,,,,,,,,,,,,,,,,,,,,,,,,,,,,,,,,,,,,,,,,,,,,,,,,,,,,,,,,,,,,,,,,,,,,,,,,,,,,,,,,,,,,,,,,,,,,,,,,,,,,,,,,,,,,,,,,,,,,,,,,,,,,,,,,,,,,,,,,,,,,,,,,,,,,,,,,,,,,,,,,,,,,,,,,,,,,,,,,,,,,,,,,,,,,,,,,,,,,,,,,,,,,,,,,,,,,,,,,,,,,,,,,,,,,,,,,,,,,,,,,,,,,,,,,,,,,,,,,,,,,,,,,,,,,,,,,,,,,,,,,,,,,,,,,,,,,,,,,,,,,,,,,,,,,,,,,,,,,,,,,,,,,,,,,,,,,,,,,,,,,,,,,,,,,,,,,,,,,,,,,,,,,,,,,,,,,,,,,,,,,,,,,,,,,,,,,,,,,,,,,,,,,,,,,,,,,,,,,,,,,,,,,,,,,,,,,,,,,,,,,,,,,,,,,,,,,,,,,,,,,,,,,,,,,,,,,,,,,,,,,,,,,,,,,,,,,,,,,,,,,,,,,,,,,,,,,,,,,,,,,,,,,,,,,,,,,,,,,,,,,,,,,,,,,,,,,,,,,,,,,,,,,,,,,,,,,,,,,,,,,,,,,,,,,,,,,,,,,,,,,,,,,,,,,,,,,,,,,,,,,,,,,,,,,,,,,,,,,,,,,,,,,,,,,,,,,,,,,,,,,,,,,,,,,,,,,,,,,,,,,,,,,,,,,,,,,,,,,,,,,,,,,,,,,,,,,,,,,,,,,,,,,,,,,,,,,,,,,,,,,,,,,,,,,,,,,,,,,,,,,,,,,,,,,,,,,,,,,,,,,,,,,,,,,,,,,,,,,,,,,,,,,,,,,,,,,,,,,,,,,,,,,,,,,,,,,,,,,,,,,,,,,,,,,,,,,,,,,,,,,,,,,,,,,,,,,,,,,,,,,,,,,,,,,,,,,,,,,,,,,,,,,,,,,,,,,,,,,,,,,,,,,,,,,,,,,,,,,,,,,,,,,,,,,,,,,,,,,,,,,,,,,,,,,,,,,,,,,,,,,,,,,,,,,,,,,,,,,,,,,,,,,,,,,,,,,,,,,,,,,,,,,,,,,,,,,,,,,,,,,,,,,,,,,,,,,,,,,,,,,,,,,,,,,,,,,,,,,,,,,,,,,,,,,,,,,,,,,,,,,,,,,,,,,,,,,,,,,,,,,,,,,,,,,,,,,,,,,,,,,,,,,,,,,,,,,,,,,,,,,,,,,,,,,,,,,,,,,,,,,,,,,,,,,,,,,,,,,,,,,,,,,,,,,,,,,,,,,,,,,,,,,,,,,,,,,,,,,,,,,,,,,,,,,,,,,,,,,,,,,,,,,,,,,,,,,,,,,,,,,,,,,,,,,,,,,,,,,,,,,,,,,,,,,,,,,,,,,,,,,,,,,,,,,,,,,,,,,,,,,,,,,,,,,,,,,,,,,,,,,,,,,,,,,,,,,,,,,,,,,,,,,,,,,,,,,,,,,,,,,,,,,,,,,,,,,,,,,,,,,,,,,,,,,,,,,,,,,,,,,,,,,,,,,,,,,,,,,,,,,,,,,,,,,,,,,,,,,,,,,,,,,,,,,,,,,,,,,,,,,,,,,,,,,,,,,,,,13150.0,,,,,,,,,,,,,,,,,,,,,,,,,,,,,,,,,,,,,,,,,,,,,,,,,,,,,,,,,,,,,,,,,,,,,,,,,,,,,,,,,,,,,,,,,,,,,,,,,,,,,,,,,,,,,,,,,,,,,,,,,,,,,,,,,,,,,,,,,,,,,,,,,,,,,,,,,,,,,,,,,,,,,,,,,,,,,,,,,,,,,,,,,,,,,,,,,,,,,,,,,,,,,,,,,,,,,,,,,,,,,,,,,,,,,,,,,,,,,,,,,,,,,,,,,,,,,,,,,,,,,,,,,,,,,,,,,,,,,,,,,,,,,,,,,,,,,,,,,,,,,,,,,,,,,,,,,,,,,,,,,,,,,,,,,,,,,,,,,,,,,,,,,,,,,,,,,,,,,,,,,,,,,,,,,,,,,,,,,,,,,,,,,,,,,,,,,,,,,,,,,,,,,,,,,,,,,,,,,,,,,,,,,,,,,,,,,,,,,,,,,,,,,,,,,,,,,,,,,,,,,,,,,,,,,,,,,,,,,,,,,,,,,,,,,,,,,,,,,,,,,,,,,,,,,,,,,,,,,,,,,,,,,,,,,,,,,,,,,,,,,,,,,,,,,,,,,,,,,,,,,,,,,,,,,,,,,,,,,,,,,,,,,,,,,,,,,,,,,,,,,,,,,,,,,,,,,,,,,,,,,,,,,,,,,,,,,,,,,,,,,,,,,,,,,,,,,,,,,,,,,,,,,,,,,,,,,,,,,,,,,,,,,,,,,,,,,,,,,,,,,,,,,,,,,,,,,,,,,,,,,,,,,,,,,,,,,,,,,,,,,,,,,,,,,,,,,,,,,,,,,,,,,,,,,,,,,,,,,,,,,,,,,,,,,,,,,,,,,,,,,,,,,,,,,,,,,,,,,,,,,,,,,,,,,,,,,,,,,,,,,,,,,,,,,,,,,,,,,,,,,,,,,,,,,,,,,,,,,,,,,,,,,,,,,,,,,,,,,,,,,,,,,,,,,,,,,,,,,,,,,,,,,,,,,,,,,,,,,,,,,,,,,,,,,,,,,,,,,,,,,,,,,,,,,,,,,,,,,,,,,,,,,,,,,,,,,,,,,,,,,,,,,,,,,,,,,,,,,,,,,,,,,,,,,,,,,,,,,,,,,,,,,,,,,,,,,,,,,,,,,,,,,,,,,,,,,,,,,,,,,,,,,,,,,,,,,,,,,,,,,,,,,,,,,,,,,,,,,,,,,,,,,,,,,,,,,,,,,,,,,,,,,,,,,,,,,,,,,,,,,,,,,,,,,,,,,,,,,,,,,,,,,,,,,,,,,,,,,,,,,,,,,,,,,,,,,,,,,,,,,,,,,,,,,,,,,,,,,,,,,,,,,,,,,,,,,,,,,,,,,,,,,,,,,,,,,,,,,,,,,,,,,,,,,,,,,,,,,,,,,,,,,,,,,,,,,,,,,,,,,,,,,,,,,,,,,,,,,,,,,,,,,,,,,,,,,,,,,,,,,,,,,,,,,,,,,,,,,,,,,,,,,,,,,,,,,,,,,,,,,,,,,,,,,,,,,,,,,,,,,,,,,,,,,,,,,,,,,,,,,,,,,,,,,,,,,,,,,,,,,,,,,,,,,,,,,,,,,,,,,,,,,,,,,,,,,,,,,,,,,,,,,,,,,,,,,,,,,,,,,,
,,,,,,,,,,,,,,,,,,,,,,,,,,,,,,,,,,,,,,,,,,,,,,,,,,,,,,,,,,,,,,,,,,,,,,,,,,,,,,,,,,,,,,,,,,,,,,,,,,,,,,,,,,,,,,,,,,,,,,,,,,,,,,,,,,,,,,,,,,,,,,,,,,,,,,,,,,,,,,,,,,,,,,,,,,,,,,,,,,,,,,,,,,,,,,,,,,,,,,,,,,,,,,,,,,,,,,,,,,,,,,,,,,,,,,,,,,,,,,,,,,,,,,,,,,,,,,,,,,,,,,,,,,,,,,,,,,,,,,,,,,,,,,,,,,,,,,,,,,,,,,,,,,,,,,,,,,,,,,,,,,,,,,,,,,,,,,,,,,,,,,,,,,,,,,,,,,,,,,,,,,,,,,,,,,,,,,,,,,,,,,,,,,,,,,,,,,,,,,,,,,,,,,,,,,,,,,,,,,,,,12249.0,,,,,,,,,,,,,,,,,,,,,,,,,,,,,,,,,,,,,,,,,,,,,,,,,,,,,,,,,,,,,,,,,,,,,,,,,,,,,,,,,,,,,,,,,,,,,,,,,,,,,,,,,,,,,,,,,,,,,,,,,,,,,,,,,,,,,,,,,,,,,,,,,,,,,,,,,,,,,,,,,,,,,,,,,,,,,,,,,,,,,,,,,,,,,,,,,,,,,,,,,,,,,,,,,,,,,,,,,,,,,,,,,,,,,,,,,,,,,,,,,,9619.0,,,,,,,,,,,,,,,,,,,,,,,,,,,,,,,,,,,,,,,,,,,,,,,,,,,,,,,,,,,,,,,,,,,,,,,,,,,,,,,,,,,,,,,,,,,,,,,,,,,,,,,,,,,,,,,,,,,,,,,,,,,,,,,,,,,,,,,,,,,,,,,,,,,,,,,,,,,,,,,,,,,,,,,,,,,,,,,,,,,,,,,,,,,,,,,,,,,,,,,,,,,,,,,,,,,,,,,,,,,,,,,,,,,,,,,,,,,,,,,,,,,,,,,,,,,,,,,,,,,,,,,,,,,,,,,,,,,,,,,,,,,,,,,,,,,,,,,,,,,,,,,,,,,,,,,,,,,,,,,,,,,,,,,,,,,,,,,,,,,,,,,,,,,,,,,,,,,,,,,,,,,,,,,,,,,,,,,,,,,,,,,,,,,,,,,,,,,,,,,,,,,,,,,,,,,,,,,,,,,,,,,,,,,,,,,,,,,,,,,,,,,,,,,,,,,,,,,,,,,,,,,,,,,,,,,,,,,,,,,,,,,,,,,,,,,,,,,,,,,,,,,,,,,,,,,,,,,,,,,,,,,,,,,,,,,,,,,,,,,,,,,,,,,,,,,,,,,,,,,,,,,,,,,,,,,,,,,,,,,,,,,,16738.0,,,,,,,,,,,,,,,,,,,,,,,,,,,,,,,,,,,,,,,,,,,,,,,,,,,,,,,,,,,,,,,,,,,,,,,,,,,,,,,,,,,,,,,,,,,,,,,,,,,,,,,,,,,,,,,,,,,,,,,,,,,,,,,,,,,,,,,,,,,,,,,,,,,,,,,,,,,,,,,,,,,,,,,,,,,,,,,,,,,,,,,,,,,,,,,,,,,,,,,,,,,,,,,,,,,,,,,,,,,,,,,,,,,,,,,,,,,,,,,,,,,,,,,,,,,,,,,,,,,,,,,,,,,,,,,,,,,,,,,,,,,,,,,,,,,,,,,,,,,,,,,,,,,,,,,,,,,,,,,,,,,,,,,,,,,,,,,,,,,,,,,,,,,,,,,,,,,,,,,,,,,,,,,,,,,,,,,,,,,,,,,,,,,,,,,,,,,,,,,,,,,,,,,,,,,,,,,,,,,,,,,,,,,,,,,,,,,,,,,,,,,,,,,,,,,,,,,,,,,,,,,,,,,,,,,,,,,,,,,,,,,,,,,,,,,,,,,,,,,,,,,,,,,,,,,,,,,,,,,,,,,,,,,,,,,,,,,,,,,,,,,,,,,,,,,,,,,,,,,,,,,,,,,,,,,,,,,,,,,,,,,,,,,,,,,,,,,,,,,,,,,,,,,,,,,,,,,,,,,,,,,,,,,,,,,,,,,,,,,,,,,,,,,,,,,,,,,,,,,,,,,,,,,,,,,,,,,,,,,,,,,,,,,,,,,,,,,,,,,,,,,,,,,,,,,,,,,,,,,,,,,,,,,,,,,,,,,,,,,,,,,,,,,,,,,,,,,,,,,,,,,,,,,,,,,,,,,,,,,,,,,,,,,,,,,,,,,,,,,,,,,,,,,,,,,,,,,,,,,,,,,,,,,,,,,,,,,,,,,,,,,,,,,,,,,,,,,,,,,,,,,,,,,,,,,,,,,,,,,,,,,,,,,,,,,,,,,,,,,,,,,,,,,,,,,,,,,,,,,,,,,,,,,,,,,,,,,,,,,,,,,,,,,,,,,,,,,,,,,,,,,,,,,,,,,,,,,,,,,,,,,,,,,,,,,,,,,,,,,,,,,,,,,,,,,,,,,,,,,,,,,,,,,,,,,,,,,,,,,,,,,,,,,,,,,,,,,,,,,,,,,,,,,,,,,,,,,,,,,,,,,,,,,,,,,,,,,,,,,,,,,,,,,,,,,,,,,,,,,,,,,,,,,,,,,,,,,,,,,,,,,,,,,,,,,,,,,,,,,,,,,,,,,,,,,,,,,,,,,,,,,,,,,,,,,,,,,,,,,,,,,,,,,,,,,,,,,,,,,,,,,,,,,,,,,,,,,,,,,,,,,,,,,,,,,,,,,,,,,,,,,,,,,,,,,,,,,,,,,,,,,,,,,,,,,,,,,,,,,,,,,,,,,,,,,,,,,,,,,,,,,,,,,,,,,,,,,,,,,,,,,,,,,,,,,,,,,,,,,,,,,,,,,,,,,,,,,,,,,,,,,,,,,,,,,,,,,,,,,,,,,,,,,,,,,,,,,,,,,,,,,,,,,,,,,,,,,,,,,,,,,,,,,,,,,,,,,,,,,,,,,,,,,,,,,,,,,,,,,,,,,,,,,,,,,,,,,,,,,,,,,,,,,,,,,,,,,,,,,,,,,,,,,,,,,,,,,,,,,,,,,,,,,,,,,,,,,,,,,,,,,,,,,,,,,,,,,,,,,,,,,,,,,,,,,,,,,,,,,,,,,,,,,,,,,,,,,,,,,,,,,,,,,,,,,,,,,,,,,,,,,,,,,,,,,,,,,,,,,,,,,,,,,,,,,,,,,,,,,,,,,,,,,,,,,,,,,,,,,,,,,,,,,,,,,,,,,,,,,,,,,,,,,,,,,,,,,,,,,,,,,,,,,,,,,,,,,,,,,,,,,,,,,,,,,,,,,,,,,,,,,,,,,,,,,,,,,,,,,,,,,,,,,,,,,,,,,,,,,,,,,,,,,,,,,,,,,,,,,,,,,,,,,,,,,,,,,,,,,,,,,,,,,,,,,,,,,,,,,,,,,,,,,,,,,,,,,,,,,,,,,,,,,,,,,,,,,,,,,,,,,,,,,,,,,,,,,,,,,,,,,,,,,,,,,,,,,,,,,,,,,,,,,,,,,,,,,,,,,,,,,,,,,,,,,,,,,,,,,,,,,,,,,,,,,,,,,,,,,,,,,,,,,,,,,,,,,,,,,,,,,,,,,,,,,,,,,,,,,,,,,,,,,,,,,,,,,,,,,,,,,,,,,,,,,,,,,,,,,,,,,,,,,,,,,,,,,,,,,,,,,,,,,,,,,,,,,,,,,,,,,,,,,,,,,,,,,,,,,,,,,,,,,,,,,,,,,,,,,,,,,,,,,,,,,,,,,,,,,,,,,,,,,,,,,,,,,,,,,,,,,,,,,,,,13837.0,,,,,,,,,,,,,,,,,,,,,,,,,,,,,,,,,,,,,,,,,,,,,,,,,,,,,,,,,,,,,,,,,,,,,,,,,,,,,,,,,,,,,,,,,,,,,,,,,,,,,,,,,,,,,,,,,,,,,,,,,,,,,,,,,,,,,,,,,,,,,,,,,,,,,,,,,,,,,,,,,,,,,,,,,,,,,,,,,,,,,,,,,,,,,,,,,,,,,,,,,,,,,,,,,,,,,,,,,,,,,,,,,,,,,,,,,,,,,,,,,,,,,,,,,,,,,,,,,,,,,,,,,,,,,,,,,,,,,,,,,,,,,,,,,,,,,,,,,,,,,,,,,,,,,,,,,,,,,,,,,,,,,,,,,,,,,,,,,,,,,,,,,,,,,,,,,,,,,,,,,,,,,,,,,,,,,,,,,,,,,,,,,,,,,,,,,,,,,,,,,,,,,,,,,,,,,,,,,,,,,,,,,,,,,,,,,,,,,,,,,,,,,,,,,,,,,,,,,,,,,,,,,,,,,,,,,,,,,,,,,,,,,,,,,,,,,,,,,,,,,,,,,,,,,,,,,,,,,,,,,,,,,,,,,,,,,,,,,,,,,,,,,,,,,,,,,,,,,,,,,,,,,,,,,,,,,,,,,,,,,,,,,,,,,,,,,,,,,,,,,,,,,,,,,,,,,,,,,,,,,,,,,,,,,,,,,,,,,,,,,,,,,,,,,,,,,,,,,,,,,,,,,,,,,,,,,,,,,,,,,,,,,,,,,,,,,,,,,,,,,,,,,,,,,,,,,,,,,,,,,,,,,,,,,,,,,,,,,,,,,,,,,,,,,,,,,,,,,,,,,,,,,,,,,,,,,,,,,,,,,,,,,,,,,,,,,,,,,,,,,,,,,,,,,,,,,,,,,,,,,,,,,,,,,,,,,,,,,,,,,,,,,,,,,,,,,,,,,,,,,,,,,,,,,,,,,,,,,,,,,,,,,,,,,,,,,,,,,,,,,,,,,,,,,,,,,,,,,,,,,,,,,,,,,,,,,,,,,,,,,,,,,,,,,,,,,,,,,,,,,,,,,,,,,,,,,,,,,,,,,,,,,,,,,,,,,,,,,,,,,,,,,,,,,,,,,,,,,,,,,,,,,,,,,,,,,,,,,,,,,,,,,,,,,,,,,,,,,,,,,,,,,,,,,,,,,,,,,,,,,,,,,,,,,,,,,,,,,,,,,,,,,,,,,,,,,,,,,,,,,,,,,,,,,,,,,,,,,,,,,,,,,,,,,,,,,,,,,,,,,,,,,,,,,,,,,,,,,,,,,,,,,,,,,,,,,,,,,,,,,,,,,,,,,,,,,,,,,,,,,,,,,,,,,,,,,,,,,,,,,,,,,,,,,,,,,,,,,,,,,,,,,,,,,,,,,,,,,,,,,,,,,,,,,,,,,,,,,,,,,,,,,,,,,,,,,,,,,,,,,,,,,,,,,,,,,,,,,,,,,,,,,,,,,,,,,,,,,,,,,,,,,,,,,,,,,,,,,,,,,,,,,,,,,,,,,,,,,,,,,,,,,,,,,,,,,,,,,,,,,,,,,,,,,,,,,,,,,,,,,,,,,,,,,,,,,,,,,,,,,,,,,,,,,,,,,,,,,,,,,,,,,,,,,,,,,,,,,,,,,,,,,,,,,,,,,,,,,,,,,,
,,,,,,,,,,,,,,,,,,,,,,,,,,,,,,,,,,,,,,,,,,,,,,,,,,,,,,,,,,,,,,,,,,,,,,,,,,,,,,,,,,,,,,,,,,,,,,,,,,,,,,,,,,,,,,,,,,,,,,,,,,,,,,,,,,,,,,,,,,,,,,,,,,,,,,,,,,,,,,,,,,,,,,,,,,,,,,,,,,,,,,,,,,,,,,,,,,,,,,,,,,,,,,,,,,,,,,,,,,,,,,,,,,,,,,,,,,,,,,,,,,,,,,,,,,,,,,,,,,,,,,,,,,,,,,,,,,,,,,,,,,,,,,,,,,,,,,,,,,,,,,,,,,,,,,,,,,,,,,,,,,,,,,,,,,,,,,,,,,,,,,,,,,,,,,,,,,,,,,,,,,,,,,,,,,,,,,,,,,,,,,,,,,,,,,,,,,,,,,,,,,,,,,,,,,,,,,,,,,,,,12514.0,,,,,,,,,,,,,,,,,,,,,,,,,,,,,,,,,,,,,,,,,,,,,,,,,,,,,,,,,,,,,,,,,,,,,,,,,,,,,,,,,,,,,,,,,,,,,,,,,,,,,,,,,,,,,,,,,,,,,,,,,,,,,,,,,,,,,,,,,,,,,,,,,,,,,,,,,,,,,,,,,,,,,,,,,,,,,,,,,,,,,,,,,,,,,,,,,,,,,,,,,,,,,,,,,,,,,,,,,,,,,,,,,,,,,,,,,,,,,,,,,,10394.0,,,,,,,,,,,,,,,,,,,,,,,,,,,,,,,,,,,,,,,,,,,,,,,,,,,,,,,,,,,,,,,,,,,,,,,,,,,,,,,,,,,,,,,,,,,,,,,,,,,,,,,,,,,,,,,,,,,,,,,,,,,,,,,,,,,,,,,,,,,,,,,,,,,,,,,,,,,,,,,,,,,,,,,,,,,,,,,,,,,,,,,,,,,,,,,,,,,,,,,,,,,,,,,,,,,,,,,,,,,,,,,,,,,,,,,,,,,,,,,,,,,,,,,,,,,,,,,,,,,,,,,,,,,,,,,,,,,,,,,,,,,,,,,,,,,,,,,,,,,,,,,,,,,,,,,,,,,,,,,,,,,,,,,,,,,,,,,,,,,,,,,,,,,,,,,,,,,,,,,,,,,,,,,,,,,,,,,,,,,,,,,,,,,,,,,,,,,,,,,,,,,,,,,,,,,,,,,,,,,,,,,,,,,,,,,,,,,,,,,,,,,,,,,,,,,,,,,,,,,,,,,,,,,,,,,,,,,,,,,,,,,,,,,,,,,,,,,,,,,,,,,,,,,,,,,,,,,,,,,,,,,,,,,,,,,,,,,,,,,,,,,,,,,,,,,,,,,,,,,,,,,,,,,,,,,,,,,,,,,,,,,,17010.0,,,,,,,,,,,,,,,,,,,,,,,,,,,,,,,,,,,,,,,,,,,,,,,,,,,,,,,,,,,,,,,,,,,,,,,,,,,,,,,,,,,,,,,,,,,,,,,,,,,,,,,,,,,,,,,,,,,,,,,,,,,,,,,,,,,,,,,,,,,,,,,,,,,,,,,,,,,,,,,,,,,,,,,,,,,,,,,,,,,,,,,,,,,,,,,,,,,,,,,,,,,,,,,,,,,,,,,,,,,,,,,,,,,,,,,,,,,,,,,,,,,,,,,,,,,,,,,,,,,,,,,,,,,,,,,,,,,,,,,,,,,,,,,,,,,,,,,,,,,,,,,,,,,,,,,,,,,,,,,,,,,,,,,,,,,,,,,,,,,,,,,,,,,,,,,,,,,,,,,,,,,,,,,,,,,,,,,,,,,,,,,,,,,,,,,,,,,,,,,,,,,,,,,,,,,,,,,,,,,,,,,,,,,,,,,,,,,,,,,,,,,,,,,,,,,,,,,,,,,,,,,,,,,,,,,,,,,,,,,,,,,,,,,,,,,,,,,,,,,,,,,,,,,,,,,,,,,,,,,,,,,,,,,,,,,,,,,,,,,,,,,,,,,,,,,,,,,,,,,,,,,,,,,,,,,,,,,,,,,,,,,,,,,,,,,,,,,,,,,,,,,,,,,,,,,,,,,,,,,,,,,,,,,,,,,,,,,,,,,,,,,,,,,,,,,,,,,,,,,,,,,,,,,,,,,,,,,,,,,,,,,,,,,,,,,,,,,,,,,,,,,,,,,,,,,,,,,,,,,,,,,,,,,,,,,,,,,,,,,,,,,,,,,,,,,,,,,,,,,,,,,,,,,,,,,,,,,,,,,,,,,,,,,,,,,,,,,,,,,,,,,,,,,,,,,,,,,,,,,,,,,,,,,,,,,,,,,,,,,,,,,,,,,,,,,,,,,,,,,,,,,,,,,,,,,,,,,,,,,,,,,,,,,,,,,,,,,,,,,,,,,,,,,,,,,,,,,,,,,,,,,,,,,,,,,,,,,,,,,,,,,,,,,,,,,,,,,,,,,,,,,,,,,,,,,,,,,,,,,,,,,,,,,,,,,,,,,,,,,,,,,,,,,,,,,,,,,,,,,,,,,,,,,,,,,,,,,,,,,,,,,,,,,,,,,,,,,,,,,,,,,,,,,,,,,,,,,,,,,,,,,,,,,,,,,,,,,,,,,,,,,,,,,,,,,,,,,,,,,,,,,,,,,,,,,,,,,,,,,,,,,,,,,,,,,,,,,,,,,,,,,,,,,,,,,,,,,,,,,,,,,,,,,,,,,,,,,,,,,,,,,,,,,,,,,,,,,,,,,,,,,,,,,,,,,,,,,,,,,,,,,,,,,,,,,,,,,,,,,,,,,,,,,,,,,,,,,,,,,,,,,,,,,,,,,,,,,,,,,,,,,,,,,,,,,,,,,,,,,,,,,,,,,,,,,,,,,,,,,,,,,,,,,,,,,,,,,,,,,,,,,,,,,,,,,,,,,,,,,,,,,,,,,,,,,,,,,,,,,,,,,,,,,,,,,,,,,,,,,,,,,,,,,,,,,,,,,,,,,,,,,,,,,,,,,,,,,,,,,,,,,,,,,,,,,,,,,,,,,,,,,,,,,,,,,,,,,,,,,,,,,,,,,,,,,,,,,,,,,,,,,,,,,,,,,,,,,,,,,,,,,,,,,,,,,,,,,,,,,,,,,,,,,,,,,,,,,,,,,,,,,,,,,,,,,,,,,,,,,,,,,,,,,,,,,,,,,,,,,,,,,,,,,,,,,,,,,,,,,,,,,,,,,,,,,,,,,,,,,,,,,,,,,,,,,,,,,,,,,,,,,,,,,,,,,,,,,,,,,,,,,,,,,,,,,,,,,,,,,,,,,,,,,,,,,,,,,,,,,,,,,,,,,,,,,,,,,,,,,,,,,,,,,,,,,,,,,,,,,,,,,,,,,,,,,,,,,,,,,,,,,,,,,,,,,,,,,,,,,,,,,,,,,,,,,,,,,,,,,,,,,,,,,,,,,,,,,,,,,,,,,,,,,,,,,,,,,,,,,,,,,,,,,,,,,,,,,,,,,,,,,,,,,,,,,,,,,,,,,,,,,,,,,,,,,,,,,,,,,,,,,,,,,,,,,,,,,,,,,,,,,,,,,,,,,,,,,,,,,,,,,,,,,,,,,,,,,,,,,,,,,,,,,,,,,,,,,,,,,,,,,,,,,,,,,,,,,,,,,,,,,,,,,,,,,,,,,,,,,,,,,,,,,,,,,,,,,,,,,,,,,,,,,,,,,,,,,,,,,,,,,,,,,,,,,,,,,,,,,,,,,,,,,,,,,,,,,,,,,,,,,,,,,,,,,,,,,,,,,,,,,,,,,,,,,,,,,,,,,,,,,,,,,,,,,,,,,,,,,,,,,,,,,,,,,,,,,,,,,,,,,,,,,,,,15405.0,,,,,,,,,,,,,,,,,,,,,,,,,,,,,,,,,,,,,,,,,,,,,,,,,,,,,,,,,,,,,,,,,,,,,,,,,,,,,,,,,,,,,,,,,,,,,,,,,,,,,,,,,,,,,,,,,,,,,,,,,,,,,,,,,,,,,,,,,,,,,,,,,,,,,,,,,,,,,,,,,,,,,,,,,,,,,,,,,,,,,,,,,,,,,,,,,,,,,,,,,,,,,,,,,,,,,,,,,,,,,,,,,,,,,,,,,,,,,,,,,,,,,,,,,,,,,,,,,,,,,,,,,,,,,,,,,,,,,,,,,,,,,,,,,,,,,,,,,,,,,,,,,,,,,,,,,,,,,,,,,,,,,,,,,,,,,,,,,,,,,,,,,,,,,,,,,,,,,,,,,,,,,,,,,,,,,,,,,,,,,,,,,,,,,,,,,,,,,,,,,,,,,,,,,,,,,,,,,,,,,,,,,,,,,,,,,,,,,,,,,,,,,,,,,,,,,,,,,,,,,,,,,,,,,,,,,,,,,,,,,,,,,,,,,,,,,,,,,,,,,,,,,,,,,,,,,,,,,,,,,,,,,,,,,,,,,,,,,,,,,,,,,,,,,,,,,,,,,,,,,,,,,,,,,,,,,,,,,,,,,,,,,,,,,,,,,,,,,,,,,,,,,,,,,,,,,,,,,,,,,,,,,,,,,,,,,,,,,,,,,,,,,,,,,,,,,,,,,,,,,,,,,,,,,,,,,,,,,,,,,,,,,,,,,,,,,,,,,,,,,,,,,,,,,,,,,,,,,,,,,,,,,,,,,,,,,,,,,,,,,,,,,,,,,,,,,,,,,,,,,,,,,,,,,,,,,,,,,,,,,,,,,,,,,,,,,,,,,,,,,,,,,,,,,,,,,,,,,,,,,,,,,,,,,,,,,,,,,,,,,,,,,,,,,,,,,,,,,,,,,,,,,,,,,,,,,,,,,,,,,,,,,,,,,,,,,,,,,,,,,,,,,,,,,,,,,,,,,,,,,,,,,,,,,,,,,,,,,,,,,,,,,,,,,,,,,,,,,,,,,,,,,,,,,,,,,,,,,,,,,,,,,,,,,,,,,,,,,,,,,,,,,,,,,,,,,,,,,,,,,,,,,,,,,,,,,,,,,,,,,,,,,,,,,,,,,,,,,,,,,,,,,,,,,,,,,,,,,,,,,,,,,,,,,,,,,,,,,,,,,,,,,,,,,,,,,,,,,,,,,,,,,,,,,,,,,,,,,,,,,,,,,,,,,,,,,,,,,,,,,,,,,,,,,,,,,,,,,,,,,,,,,,,,,,,,,,,,,,,,,,,,,,,,,,,,,,,,,,,,,,,,,,,,,,,,,,,,,,,,,,,,,,,,,,,,,,,,,,,,,,,,,,,,,,,,,,,,,,,,,,,,,,,,,,,,,,,,,,,,,,,,,,,,,,,,,,,,,,,,,,,,,,,,,,,,,,,,,,,,,,,,,,,,,,,,,,,,,,,,,,,,,,,,,,,,,,,,,,,,,,,,,,,,,,,,,,,,,,,,,,,,,,,,,,,,,,,,,,,,,,,,,,,,,,,,,,,,,,,,,,,,,,,,,,,,,,,,,,,,,,,,,,,,,,,,,,,,,,,,,,,,,,,,,,,,,,,,,,,,,,,,,,,,,,,,,,,,,,,,,,
,,,,,,,,,,,,,,,,,,,,,,,,,,,,,,,,,,,,,,,,,,,,,,,,,,,,,,,,,,,,,,,,,,,,,,,,,,,,,,,,,,,,,,,,,,,,,,,,,,,,,,,,,,,,,,,,,,,,,,,,,,,,,,,,,,,,,,,,,,,,,,,,,,,,,,,,,,,,,,,,,,,,,,,,,,,,,,,,,,,,,,,,,,,,,,,,,,,,,,,,,,,,,,,,,,,,,,,,,,,,,,,,,,,,,,,,,,,,,,,,,,,,,,,,,,,,,,,,,,,,,,,,,,,,,,,,,,,,,,,,,,,,,,,,,,,,,,,,,,,,,,,,,,,,,,,,,,,,,,,,,,,,,,,,,,,,,,,,,,,,,,,,,,,,,,,,,,,,,,,,,,,,,,,,,,,,,,,,,,,,,,,,,,,,,,,,,,,,,,,,,,,,,,,,,,,,,,,,,,,,,12826.0,,,,,,,,,,,,,,,,,,,,,,,,,,,,,,,,,,,,,,,,,,,,,,,,,,,,,,,,,,,,,,,,,,,,,,,,,,,,,,,,,,,,,,,,,,,,,,,,,,,,,,,,,,,,,,,,,,,,,,,,,,,,,,,,,,,,,,,,,,,,,,,,,,,,,,,,,,,,,,,,,,,,,,,,,,,,,,,,,,,,,,,,,,,,,,,,,,,,,,,,,,,,,,,,,,,,,,,,,,,,,,,,,,,,,,,,,,,,,,,,,,10933.0,,,,,,,,,,,,,,,,,,,,,,,,,,,,,,,,,,,,,,,,,,,,,,,,,,,,,,,,,,,,,,,,,,,,,,,,,,,,,,,,,,,,,,,,,,,,,,,,,,,,,,,,,,,,,,,,,,,,,,,,,,,,,,,,,,,,,,,,,,,,,,,,,,,,,,,,,,,,,,,,,,,,,,,,,,,,,,,,,,,,,,,,,,,,,,,,,,,,,,,,,,,,,,,,,,,,,,,,,,,,,,,,,,,,,,,,,,,,,,,,,,,,,,,,,,,,,,,,,,,,,,,,,,,,,,,,,,,,,,,,,,,,,,,,,,,,,,,,,,,,,,,,,,,,,,,,,,,,,,,,,,,,,,,,,,,,,,,,,,,,,,,,,,,,,,,,,,,,,,,,,,,,,,,,,,,,,,,,,,,,,,,,,,,,,,,,,,,,,,,,,,,,,,,,,,,,,,,,,,,,,,,,,,,,,,,,,,,,,,,,,,,,,,,,,,,,,,,,,,,,,,,,,,,,,,,,,,,,,,,,,,,,,,,,,,,,,,,,,,,,,,,,,,,,,,,,,,,,,,,,,,,,,,,,,,,,,,,,,,,,,,,,,,,,,,,,,,,,,,,,,,,,,,,,,,,,,,,,,,,,,,,,17256.0,,,,,,,,,,,,,,,,,,,,,,,,,,,,,,,,,,,,,,,,,,,,,,,,,,,,,,,,,,,,,,,,,,,,,,,,,,,,,,,,,,,,,,,,,,,,,,,,,,,,,,,,,,,,,,,,,,,,,,,,,,,,,,,,,,,,,,,,,,,,,,,,,,,,,,,,,,,,,,,,,,,,,,,,,,,,,,,,,,,,,,,,,,,,,,,,,,,,,,,,,,,,,,,,,,,,,,,,,,,,,,,,,,,,,,,,,,,,,,,,,,,,,,,,,,,,,,,,,,,,,,,,,,,,,,,,,,,,,,,,,,,,,,,,,,,,,,,,,,,,,,,,,,,,,,,,,,,,,,,,,,,,,,,,,,,,,,,,,,,,,,,,,,,,,,,,,,,,,,,,,,,,,,,,,,,,,,,,,,,,,,,,,,,,,,,,,,,,,,,,,,,,,,,,,,,,,,,,,,,,,,,,,,,,,,,,,,,,,,,,,,,,,,,,,,,,,,,,,,,,,,,,,,,,,,,,,,,,,,,,,,,,,,,,,,,,,,,,,,,,,,,,,,,,,,,,,,,,,,,,,,,,,,,,,,,,,,,,,,,,,,,,,,,,,,,,,,,,,,,,,,,,,,,,,,,,,,,,,,,,,,,,,,,,,,,,,,,,,,,,,,,,,,,,,,,,,,,,,,,,,,,,,,,,,,,,,,,,,,,,,,,,,,,,,,,,,,,,,,,,,,,,,,,,,,,,,,,,,,,,,,,,,,,,,,,,,,,,,,,,,,,,,,,,,,,,,,,,,,,,,,,,,,,,,,,,,,,,,,,,,,,,,,,,,,,,,,,,,,,,,,,,,,,,,,,,,,,,,,,,,,,,,,,,,,,,,,,,,,,,,,,,,,,,,,,,,,,,,,,,,,,,,,,,,,,,,,,,,,,,,,,,,,,,,,,,,,,,,,,,,,,,,,,,,,,,,,,,,,,,,,,,,,,,,,,,,,,,,,,,,,,,,,,,,,,,,,,,,,,,,,,,,,,,,,,,,,,,,,,,,,,,,,,,,,,,,,,,,,,,,,,,,,,,,,,,,,,,,,,,,,,,,,,,,,,,,,,,,,,,,,,,,,,,,,,,,,,,,,,,,,,,,,,,,,,,,,,,,,,,,,,,,,,,,,,,,,,,,,,,,,,,,,,,,,,,,,,,,,,,,,,,,,,,,,,,,,,,,,,,,,,,,,,,,,,,,,,,,,,,,,,,,,,,,,,,,,,,,,,,,,,,,,,,,,,,,,,,,,,,,,,,,,,,,,,,,,,,,,,,,,,,,,,,,,,,,,,,,,,,,,,,,,,,,,,,,,,,,,,,,,,,,,,,,,,,,,,,,,,,,,,,,,,,,,,,,,,,,,,,,,,,,,,,,,,,,,,,,,,,,,,,,,,,,,,,,,,,,,,,,,,,,,,,,,,,,,,,,,,,,,,,,,,,,,,,,,,,,,,,,,,,,,,,,,,,,,,,,,,,,,,,,,,,,,,,,,,,,,,,,,,,,,,,,,,,,,,,,,,,,,,,,,,,,,,,,,,,,,,,,,,,,,,,,,,,,,,,,,,,,,,,,,,,,,,,,,,,,,,,,,,,,,,,,,,,,,,,,,,,,,,,,,,,,,,,,,,,,,,,,,,,,,,,,,,,,,,,,,,,,,,,,,,,,,,,,,,,,,,,,,,,,,,,,,,,,,,,,,,,,,,,,,,,,,,,,,,,,,,,,,,,,,,,,,,,,,,,,,,,,,,,,,,,,,,,,,,,,,,,,,,,,,,,,,,,,,,,,,,,,,,,,,,,,,,,,,,,,,,,,,,,,,,,,,,,,,,,,,,,,,,,,,,,,,,,,,,,,,,,,,,,,,,,,,,,,,,,,,,,,,,,,,,,,,,,,,,,,,,,,,,,,,,,,,,,,,,,,,,,,,,,,,,,,,,,,,,,,,,,,,,,,,,,,,,,,,,,,,,,,,,,,,,,,,,,,,,,,,,,,,,,,,,,,,,,,,,,,,,,,,,,,,,,,,,,,,,,,,,,,,,,,,,,,,,,,,,,,,,,,,,,,,,,,,,,,,,,,,,,,,,,,,,,,,,,,,,,,,,,,,,,,,,,,,,,,,,,,,,,,,,,,,,,,,,,,,,,,,,,,,,,,,,,,,,,,,,,,,,,,,,,,,,,,,,,,,,,,,,,,,,,,,,,,,,,,,,,,,,,,,,,,,,,,,,,,,,,,,,,,,,,,,,,,,,,,,,,,,,,,,,,,,,,,,,,,,,,,,,,,,,,,,,,,,,,,,,,,,,,,,,,,,,,,,,,,,,,,,,,,,,,,,,,,,,,,,,,,,,,,,,,,,,,,,,,,,,,,,,,,,,,,,,,,,,,,,,,,,,,,,,,,,,,,,,,,,,,,,,,,,,,,,,,,,,,,,,,,,,,,,,,,,,,,,15751.0,,,,,,,,,,,,,,,,,,,,,,,,,,,,,,,,,,,,,,,,,,,,,,,,,,,,,,,,,,,,,,,,,,,,,,,,,,,,,,,,,,,,,,,,,,,,,,,,,,,,,,,,,,,,,,,,,,,,,,,,,,,,,,,,,,,,,,,,,,,,,,,,,,,,,,,,,,,,,,,,,,,,,,,,,,,,,,,,,,,,,,,,,,,,,,,,,,,,,,,,,,,,,,,,,,,,,,,,,,,,,,,,,,,,,,,,,,,,,,,,,,,,,,,,,,,,,,,,,,,,,,,,,,,,,,,,,,,,,,,,,,,,,,,,,,,,,,,,,,,,,,,,,,,,,,,,,,,,,,,,,,,,,,,,,,,,,,,,,,,,,,,,,,,,,,,,,,,,,,,,,,,,,,,,,,,,,,,,,,,,,,,,,,,,,,,,,,,,,,,,,,,,,,,,,,,,,,,,,,,,,,,,,,,,,,,,,,,,,,,,,,,,,,,,,,,,,,,,,,,,,,,,,,,,,,,,,,,,,,,,,,,,,,,,,,,,,,,,,,,,,,,,,,,,,,,,,,,,,,,,,,,,,,,,,,,,,,,,,,,,,,,,,,,,,,,,,,,,,,,,,,,,,,,,,,,,,,,,,,,,,,,,,,,,,,,,,,,,,,,,,,,,,,,,,,,,,,,,,,,,,,,,,,,,,,,,,,,,,,,,,,,,,,,,,,,,,,,,,,,,,,,,,,,,,,,,,,,,,,,,,,,,,,,,,,,,,,,,,,,,,,,,,,,,,,,,,,,,,,,,,,,,,,,,,,,,,,,,,,,,,,,,,,,,,,,,,,,,,,,,,,,,,,,,,,,,,,,,,,,,,,,,,,,,,,,,,,,,,,,,,,,,,,,,,,,,,,,,,,,,,,,,,,,,,,,,,,,,,,,,,,,,,,,,,,,,,,,,,,,,,,,,,,,,,,,,,,,,,,,,,,,,,,,,,,,,,,,,,,,,,,,,,,,,,,,,,,,,,,,,,,,,,,,,,,,,,,,,,,,,,,,,,,,,,,,,,,,,,,,,,,,,,,,,,,,,,,,,,,,,,,,,,,,,,,,,,,,,,,,,,,,,,,,,,,,,,,,,,,,,,,,,,,,,,,,,,,,,,,,,,,,,,,,,,,,,,,,,,,,,,,,,,,,,,,,,,,,,,,,,,,,,,,,,,,,,,,,,,,,,,,,,,,,,,,,,,,,,,,,,,,,,,,,,,,,,,,,,,,,,,,,,,,,,,,,,,,,,,,,,,,,,,,,,,,,,,,,,,,,,,,,,,,,,,,,,,,,,,,,,,,,,,,,,,,,,,,,,,,,,,,,,,,,,,,,,,,,,,,,,,,,,,,,,,,,,,,,,,,,,,,,,,,,,,,,,,,,,,,,,,,,,,,,,,,,,,,,,,,,,,,,,,,,,,,,,,,,,,,,,,,,,,,,,,,,,,,,,,,,,,,,,,,,,,,,,,,,,,,,,,,,,,,,,,,,,,,,,,,,,,,,,,,,,,,,,,,,,,,,,,,,,,,,,,,,,,,,,,,,,,,,,,,,,,,,,,,,,,,,,,,,,,,,,,,,,,,,,,,,,,,,,,,,,,,,,,,,,,,,,,,,,,,,,,,,,,,,,,,,,,,,,,,,,,,,,,,,,,,,,,,
,,,,,,,,,,,,,,,,,,,,,,,,,,,,,,,,,,,,,,,,,,,,,,,,,,,,,,,,,,,,,,,,,,,,,,,,,,,,,,,,,,,,,,,,,,,,,,,,,,,,,,,,,,,,,,,,,,,,,,,,,,,,,,,,,,,,,,,,,,,,,,,,,,,,,,,,,,,,,,,,,,,,,,,,,,,,,,,,,,,,,,,,,,,,,,,,,,,,,,,,,,,,,,,,,,,,,,,,,,,,,,,,,,,,,,,,,,,,,,,,,,,,,,,,,,,,,,,,,,,,,,,,,,,,,,,,,,,,,,,,,,,,,,,,,,,,,,,,,,,,,,,,,,,,,,,,,,,,,,,,,,,,,,,,,,,,,,,,,,,,,,,,,,,,,,,,,,,,,,,,,,,,,,,,,,,,,,,,,,,,,,,,,,,,,,,,,,,,,,,,,,,,,,,,,,,,,,,,,,,,,14302.0,,,,,,,,,,,,,,,,,,,,,,,,,,,,,,,,,,,,,,,,,,,,,,,,,,,,,,,,,,,,,,,,,,,,,,,,,,,,,,,,,,,,,,,,,,,,,,,,,,,,,,,,,,,,,,,,,,,,,,,,,,,,,,,,,,,,,,,,,,,,,,,,,,,,,,,,,,,,,,,,,,,,,,,,,,,,,,,,,,,,,,,,,,,,,,,,,,,,,,,,,,,,,,,,,,,,,,,,,,,,,,,,,,,,,,,,,,,,,,,,,,11053.0,,,,,,,,,,,,,,,,,,,,,,,,,,,,,,,,,,,,,,,,,,,,,,,,,,,,,,,,,,,,,,,,,,,,,,,,,,,,,,,,,,,,,,,,,,,,,,,,,,,,,,,,,,,,,,,,,,,,,,,,,,,,,,,,,,,,,,,,,,,,,,,,,,,,,,,,,,,,,,,,,,,,,,,,,,,,,,,,,,,,,,,,,,,,,,,,,,,,,,,,,,,,,,,,,,,,,,,,,,,,,,,,,,,,,,,,,,,,,,,,,,,,,,,,,,,,,,,,,,,,,,,,,,,,,,,,,,,,,,,,,,,,,,,,,,,,,,,,,,,,,,,,,,,,,,,,,,,,,,,,,,,,,,,,,,,,,,,,,,,,,,,,,,,,,,,,,,,,,,,,,,,,,,,,,,,,,,,,,,,,,,,,,,,,,,,,,,,,,,,,,,,,,,,,,,,,,,,,,,,,,,,,,,,,,,,,,,,,,,,,,,,,,,,,,,,,,,,,,,,,,,,,,,,,,,,,,,,,,,,,,,,,,,,,,,,,,,,,,,,,,,,,,,,,,,,,,,,,,,,,,,,,,,,,,,,,,,,,,,,,,,,,,,,,,,,,,,,,,,,,,,,,,,,,,,,,,,,,,,,,,,,,17995.0,,,,,,,,,,,,,,,,,,,,,,,,,,,,,,,,,,,,,,,,,,,,,,,,,,,,,,,,,,,,,,,,,,,,,,,,,,,,,,,,,,,,,,,,,,,,,,,,,,,,,,,,,,,,,,,,,,,,,,,,,,,,,,,,,,,,,,,,,,,,,,,,,,,,,,,,,,,,,,,,,,,,,,,,,,,,,,,,,,,,,,,,,,,,,,,,,,,,,,,,,,,,,,,,,,,,,,,,,,,,,,,,,,,,,,,,,,,,,,,,,,,,,,,,,,,,,,,,,,,,,,,,,,,,,,,,,,,,,,,,,,,,,,,,,,,,,,,,,,,,,,,,,,,,,,,,,,,,,,,,,,,,,,,,,,,,,,,,,,,,,,,,,,,,,,,,,,,,,,,,,,,,,,,,,,,,,,,,,,,,,,,,,,,,,,,,,,,,,,,,,,,,,,,,,,,,,,,,,,,,,,,,,,,,,,,,,,,,,,,,,,,,,,,,,,,,,,,,,,,,,,,,,,,,,,,,,,,,,,,,,,,,,,,,,,,,,,,,,,,,,,,,,,,,,,,,,,,,,,,,,,,,,,,,,,,,,,,,,,,,,,,,,,,,,,,,,,,,,,,,,,,,,,,,,,,,,,,,,,,,,,,,,,,,,,,,,,,,,,,,,,,,,,,,,,,,,,,,,,,,,,,,,,,,,,,,,,,,,,,,,,,,,,,,,,,,,,,,,,,,,,,,,,,,,,,,,,,,,,,,,,,,,,,,,,,,,,,,,,,,,,,,,,,,,,,,,,,,,,,,,,,,,,,,,,,,,,,,,,,,,,,,,,,,,,,,,,,,,,,,,,,,,,,,,,,,,,,,,,,,,,,,,,,,,,,,,,,,,,,,,,,,,,,,,,,,,,,,,,,,,,,,,,,,,,,,,,,,,,,,,,,,,,,,,,,,,,,,,,,,,,,,,,,,,,,,,,,,,,,,,,,,,,,,,,,,,,,,,,,,,,,,,,,,,,,,,,,,,,,,,,,,,,,,,,,,,,,,,,,,,,,,,,,,,,,,,,,,,,,,,,,,,,,,,,,,,,,,,,,,,,,,,,,,,,,,,,,,,,,,,,,,,,,,,,,,,,,,,,,,,,,,,,,,,,,,,,,,,,,,,,,,,,,,,,,,,,,,,,,,,,,,,,,,,,,,,,,,,,,,,,,,,,,,,,,,,,,,,,,,,,,,,,,,,,,,,,,,,,,,,,,,,,,,,,,,,,,,,,,,,,,,,,,,,,,,,,,,,,,,,,,,,,,,,,,,,,,,,,,,,,,,,,,,,,,,,,,,,,,,,,,,,,,,,,,,,,,,,,,,,,,,,,,,,,,,,,,,,,,,,,,,,,,,,,,,,,,,,,,,,,,,,,,,,,,,,,,,,,,,,,,,,,,,,,,,,,,,,,,,,,,,,,,,,,,,,,,,,,,,,,,,,,,,,,,,,,,,,,,,,,,,,,,,,,,,,,,,,,,,,,,,,,,,,,,,,,,,,,,,,,,,,,,,,,,,,,,,,,,,,,,,,,,,,,,,,,,,,,,,,,,,,,,,,,,,,,,,,,,,,,,,,,,,,,,,,,,,,,,,,,,,,,,,,,,,,,,,,,,,,,,,,,,,,,,,,,,,,,,,,,,,,,,,,,,,,,,,,,,,,,,,,,,,,,,,,,,,,,,,,,,,,,,,,,,,,,,,,,,,,,,,,,,,,,,,,,,,,,,,,,,,,,,,,,,,,,,,,,,,,,,,,,,,,,,,,,,,,,,,,,,,,,,,,,,,,,,,,,,,,,,,,,,,,,,,,,,,,,,,,,,,,,,,,,,,,,,,,,,,,,,,,,,,,,,,,,,,,,,,,,,,,,,,,,,,,,,,,,,,,,,,,,,,,,,,,,,,,,,,,,,,,,,,,,,,,,,,,,,,,,,,,,,,,,,,,,,,,,,,,,,,,,,,,,,,,,,,,,,,,,,,,,,,,,,,,,,,,,,,,,,,,,,,,,,,,,,,,,,,,,,,,,,,,,,,,,,,,,,,,,,,,,,,,,,,,,,,,,,,,,,,,,,,,,,,,,,,,,,,,,,,,,,,,,,,,,,,,,,,,,,,,,,,,,,,,,,,,,,,,,,,,,,,,,,,,,,,,,,,,,,,,,,,,,,,,,,,,,,,,,,,,,,,,,,,,,,,,,,,,,,,,,,,,,,,,,,,,,,,,,,,,,,,,,,,,,,,,,,,,,,,,,,,,,,,,,,,,,,,,,,,,,,,,,,,,,,,,,,,,,,,,,,,,,,,,,,,,,,,,,,,,,,,,,,,,,,,,,,,,,,,,,,,,,,,,,,,,,,,,,,,,,,,,,,,,,,,,,,,,,,,,,,,,,,,,,,,,,,,,,,,,,,,,,,,,,,,,,,,,,,,,,,,,,,,,,,,,,,,,,,,,,,,,,17581.0,,,,,,,,,,,,,,,,,,,,,,,,,,,,,,,,,,,,,,,,,,,,,,,,,,,,,,,,,,,,,,,,,,,,,,,,,,,,,,,,,,,,,,,,,,,,,,,,,,,,,,,,,,,,,,,,,,,,,,,,,,,,,,,,,,,,,,,,,,,,,,,,,,,,,,,,,,,,,,,,,,,,,,,,,,,,,,,,,,,,,,,,,,,,,,,,,,,,,,,,,,,,,,,,,,,,,,,,,,,,,,,,,,,,,,,,,,,,,,,,,,,,,,,,,,,,,,,,,,,,,,,,,,,,,,,,,,,,,,,,,,,,,,,,,,,,,,,,,,,,,,,,,,,,,,,,,,,,,,,,,,,,,,,,,,,,,,,,,,,,,,,,,,,,,,,,,,,,,,,,,,,,,,,,,,,,,,,,,,,,,,,,,,,,,,,,,,,,,,,,,,,,,,,,,,,,,,,,,,,,,,,,,,,,,,,,,,,,,,,,,,,,,,,,,,,,,,,,,,,,,,,,,,,,,,,,,,,,,,,,,,,,,,,,,,,,,,,,,,,,,,,,,,,,,,,,,,,,,,,,,,,,,,,,,,,,,,,,,,,,,,,,,,,,,,,,,,,,,,,,,,,,,,,,,,,,,,,,,,,,,,,,,,,,,,,,,,,,,,,,,,,,,,,,,,,,,,,,,,,,,,,,,,,,,,,,,,,,,,,,,,,,,,,,,,,,,,,,,,,,,,,,,,,,,,,,,,,,,,,,,,,,,,,,,,,,,,,,,,,,,,,,,,,,,,,,,,,,,,,,,,,,,,,,,,,,,,,,,,,,,,,,,,,,,,,,,,,,,,,,,,,,,,,,,,,,,,,,,,,,,,,,,,,,,,,,,,,,,,,,,,,,,,,,,,,,,,,,,,,,,,,,,,,,,,,,,,,,,,,,,,,,,,,,,,,,,,,,,,,,,,,,,,,,,,,,,,,,,,,,,,,,,,,,,,,,,,,,,,,,,,,,,,,,,,,,,,,,,,,,,,,,,,,,,,,,,,,,,,,,,,,,,,,,,,,,,,,,,,,,,,,,,,,,,,,,,,,,,,,,,,,,,,,,,,,,,,,,,,,,,,,,,,,,,,,,,,,,,,,,,,,,,,,,,,,,,,,,,,,,,,,,,,,,,,,,,,,,,,,,,,,,,,,,,,,,,,,,,,,,,,,,,,,,,,,,,,,,,,,,,,,,,,,,,,,,,,,,,,,,,,,,,,,,,,,,,,,,,,,,,,,,,,,,,,,,,,,,,,,,,,,,,,,,,,,,,,,,,,,,,,,,,,,,,,,,,,,,,,,,,,,,,,,,,,,,,,,,,,,,,,,,,,,,,,,,,,,,,,,,,,,,,,,,,,,,,,,,,,,,,,,,,,,,,,,,,,,,,,,,,,,,,,,,,,,,,,,,,,,,,,,,,,,,,,,,,,,,,,,,,,,,,,,,,,,,,,,,,,,,,,,,,,,,,,,,,,,,,,,,,,,,,,,,,,,,,,,,,,,,,,,,,,,,,,,,,,,,,,,,,,,,,,,,,,,,,,,,,,,,,,,,,,,,,,,,,,,,,,,,,,,,,,,,,,,,,,,,,,,,,,,,,,,,,,,,,,,,,,,,,,,,,,,,,,,,,,,,,,,,,,,,,,,,,,,,,,,,,,,,,,
,,,,,,,,,,,,,,,,,,,,,,,,,,,,,,,,,,,,,,,,,,,,,,,,,,,,,,,,,,,,,,,,,,,,,,,,,,,,,,,,,,,,,,,,,,,,,,,,,,,,,,,,,,,,,,,,,,,,,,,,,,,,,,,,,,,,,,,,,,,,,,,,,,,,,,,,,,,,,,,,,,,,,,,,,,,,,,,,,,,,,,,,,,,,,,,,,,,,,,,,,,,,,,,,,,,,,,,,,,,,,,,,,,,,,,,,,,,,,,,,,,,,,,,,,,,,,,,,,,,,,,,,,,,,,,,,,,,,,,,,,,,,,,,,,,,,,,,,,,,,,,,,,,,,,,,,,,,,,,,,,,,,,,,,,,,,,,,,,,,,,,,,,,,,,,,,,,,,,,,,,,,,,,,,,,,,,,,,,,,,,,,,,,,,,,,,,,,,,,,,,,,,,,,,,,,,,,,,,,,,,14536.0,,,,,,,,,,,,,,,,,,,,,,,,,,,,,,,,,,,,,,,,,,,,,,,,,,,,,,,,,,,,,,,,,,,,,,,,,,,,,,,,,,,,,,,,,,,,,,,,,,,,,,,,,,,,,,,,,,,,,,,,,,,,,,,,,,,,,,,,,,,,,,,,,,,,,,,,,,,,,,,,,,,,,,,,,,,,,,,,,,,,,,,,,,,,,,,,,,,,,,,,,,,,,,,,,,,,,,,,,,,,,,,,,,,,,,,,,,,,,,,,,,11111.0,,,,,,,,,,,,,,,,,,,,,,,,,,,,,,,,,,,,,,,,,,,,,,,,,,,,,,,,,,,,,,,,,,,,,,,,,,,,,,,,,,,,,,,,,,,,,,,,,,,,,,,,,,,,,,,,,,,,,,,,,,,,,,,,,,,,,,,,,,,,,,,,,,,,,,,,,,,,,,,,,,,,,,,,,,,,,,,,,,,,,,,,,,,,,,,,,,,,,,,,,,,,,,,,,,,,,,,,,,,,,,,,,,,,,,,,,,,,,,,,,,,,,,,,,,,,,,,,,,,,,,,,,,,,,,,,,,,,,,,,,,,,,,,,,,,,,,,,,,,,,,,,,,,,,,,,,,,,,,,,,,,,,,,,,,,,,,,,,,,,,,,,,,,,,,,,,,,,,,,,,,,,,,,,,,,,,,,,,,,,,,,,,,,,,,,,,,,,,,,,,,,,,,,,,,,,,,,,,,,,,,,,,,,,,,,,,,,,,,,,,,,,,,,,,,,,,,,,,,,,,,,,,,,,,,,,,,,,,,,,,,,,,,,,,,,,,,,,,,,,,,,,,,,,,,,,,,,,,,,,,,,,,,,,,,,,,,,,,,,,,,,,,,,,,,,,,,,,,,,,,,,,,,,,,,,,,,,,,,,,,,,,18156.0,,,,,,,,,,,,,,,,,,,,,,,,,,,,,,,,,,,,,,,,,,,,,,,,,,,,,,,,,,,,,,,,,,,,,,,,,,,,,,,,,,,,,,,,,,,,,,,,,,,,,,,,,,,,,,,,,,,,,,,,,,,,,,,,,,,,,,,,,,,,,,,,,,,,,,,,,,,,,,,,,,,,,,,,,,,,,,,,,,,,,,,,,,,,,,,,,,,,,,,,,,,,,,,,,,,,,,,,,,,,,,,,,,,,,,,,,,,,,,,,,,,,,,,,,,,,,,,,,,,,,,,,,,,,,,,,,,,,,,,,,,,,,,,,,,,,,,,,,,,,,,,,,,,,,,,,,,,,,,,,,,,,,,,,,,,,,,,,,,,,,,,,,,,,,,,,,,,,,,,,,,,,,,,,,,,,,,,,,,,,,,,,,,,,,,,,,,,,,,,,,,,,,,,,,,,,,,,,,,,,,,,,,,,,,,,,,,,,,,,,,,,,,,,,,,,,,,,,,,,,,,,,,,,,,,,,,,,,,,,,,,,,,,,,,,,,,,,,,,,,,,,,,,,,,,,,,,,,,,,,,,,,,,,,,,,,,,,,,,,,,,,,,,,,,,,,,,,,,,,,,,,,,,,,,,,,,,,,,,,,,,,,,,,,,,,,,,,,,,,,,,,,,,,,,,,,,,,,,,,,,,,,,,,,,,,,,,,,,,,,,,,,,,,,,,,,,,,,,,,,,,,,,,,,,,,,,,,,,,,,,,,,,,,,,,,,,,,,,,,,,,,,,,,,,,,,,,,,,,,,,,,,,,,,,,,,,,,,,,,,,,,,,,,,,,,,,,,,,,,,,,,,,,,,,,,,,,,,,,,,,,,,,,,,,,,,,,,,,,,,,,,,,,,,,,,,,,,,,,,,,,,,,,,,,,,,,,,,,,,,,,,,,,,,,,,,,,,,,,,,,,,,,,,,,,,,,,,,,,,,,,,,,,,,,,,,,,,,,,,,,,,,,,,,,,,,,,,,,,,,,,,,,,,,,,,,,,,,,,,,,,,,,,,,,,,,,,,,,,,,,,,,,,,,,,,,,,,,,,,,,,,,,,,,,,,,,,,,,,,,,,,,,,,,,,,,,,,,,,,,,,,,,,,,,,,,,,,,,,,,,,,,,,,,,,,,,,,,,,,,,,,,,,,,,,,,,,,,,,,,,,,,,,,,,,,,,,,,,,,,,,,,,,,,,,,,,,,,,,,,,,,,,,,,,,,,,,,,,,,,,,,,,,,,,,,,,,,,,,,,,,,,,,,,,,,,,,,,,,,,,,,,,,,,,,,,,,,,,,,,,,,,,,,,,,,,,,,,,,,,,,,,,,,,,,,,,,,,,,,,,,,,,,,,,,,,,,,,,,,,,,,,,,,,,,,,,,,,,,,,,,,,,,,,,,,,,,,,,,,,,,,,,,,,,,,,,,,,,,,,,,,,,,,,,,,,,,,,,,,,,,,,,,,,,,,,,,,,,,,,,,,,,,,,,,,,,,,,,,,,,,,,,,,,,,,,,,,,,,,,,,,,,,,,,,,,,,,,,,,,,,,,,,,,,,,,,,,,,,,,,,,,,,,,,,,,,,,,,,,,,,,,,,,,,,,,,,,,,,,,,,,,,,,,,,,,,,,,,,,,,,,,,,,,,,,,,,,,,,,,,,,,,,,,,,,,,,,,,,,,,,,,,,,,,,,,,,,,,,,,,,,,,,,,,,,,,,,,,,,,,,,,,,,,,,,,,,,,,,,,,,,,,,,,,,,,,,,,,,,,,,,,,,,,,,,,,,,,,,,,,,,,,,,,,,,,,,,,,,,,,,,,,,,,,,,,,,,,,,,,,,,,,,,,,,,,,,,,,,,,,,,,,,,,,,,,,,,,,,,,,,,,,,,,,,,,,,,,,,,,,,,,,,,,,,,,,,,,,,,,,,,,,,,,,,,,,,,,,,,,,,,,,,,,,,,,,,,,,,,,,,,,,,,,,,,,,,,,,,,,,,,,,,,,,,,,,,,,,,,,,,,,,,,,,,,,,,,,,,,,,,,,,,,,,,,,,,,,,,,,,,,,,,,,,,,,,,,,,,,,,,,,,,,,,,,,,,,,,,,,,,,,,,,,,,,,,,,,,,,,,,,,,,,,,,,,,,,,,,,,,,,,,,,,,,,,,,,,,,,,,,,,,,,,,,,,,,,,,,,,,,,,,,,,,,,,,,,,,,,,,,,,,,,,,,,,,,,,,,,,,,,,,,,,,,,,,,,,,,,,,,,,,,,,,,,,,,,,,,,,,,,,,,,,,,,,,,,,,,,,,,,,,,,,,,,,,,,,,,,,,,,,,,,,,,,,,,,,,,,,,,,,,,,,,,,,,,,,,,,,,,,,,,,,,,,,,,,,,,,,,,,,,,,,,,,,,,,,,,,,,,,,,,,,,,,,,,,,,,,,,,,,,,,,,,17750.0,,,,,,,,,,,,,,,,,,,,,,,,,,,,,,,,,,,,,,,,,,,,,,,,,,,,,,,,,,,,,,,,,,,,,,,,,,,,,,,,,,,,,,,,,,,,,,,,,,,,,,,,,,,,,,,,,,,,,,,,,,,,,,,,,,,,,,,,,,,,,,,,,,,,,,,,,,,,,,,,,,,,,,,,,,,,,,,,,,,,,,,,,,,,,,,,,,,,,,,,,,,,,,,,,,,,,,,,,,,,,,,,,,,,,,,,,,,,,,,,,,,,,,,,,,,,,,,,,,,,,,,,,,,,,,,,,,,,,,,,,,,,,,,,,,,,,,,,,,,,,,,,,,,,,,,,,,,,,,,,,,,,,,,,,,,,,,,,,,,,,,,,,,,,,,,,,,,,,,,,,,,,,,,,,,,,,,,,,,,,,,,,,,,,,,,,,,,,,,,,,,,,,,,,,,,,,,,,,,,,,,,,,,,,,,,,,,,,,,,,,,,,,,,,,,,,,,,,,,,,,,,,,,,,,,,,,,,,,,,,,,,,,,,,,,,,,,,,,,,,,,,,,,,,,,,,,,,,,,,,,,,,,,,,,,,,,,,,,,,,,,,,,,,,,,,,,,,,,,,,,,,,,,,,,,,,,,,,,,,,,,,,,,,,,,,,,,,,,,,,,,,,,,,,,,,,,,,,,,,,,,,,,,,,,,,,,,,,,,,,,,,,,,,,,,,,,,,,,,,,,,,,,,,,,,,,,,,,,,,,,,,,,,,,,,,,,,,,,,,,,,,,,,,,,,,,,,,,,,,,,,,,,,,,,,,,,,,,,,,,,,,,,,,,,,,,,,,,,,,,,,,,,,,,,,,,,,,,,,,,,,,,,,,,,,,,,,,,,,,,,,,,,,,,,,,,,,,,,,,,,,,,,,,,,,,,,,,,,,,,,,,,,,,,,,,,,,,,,,,,,,,,,,,,,,,,,,,,,,,,,,,,,,,,,,,,,,,,,,,,,,,,,,,,,,,,,,,,,,,,,,,,,,,,,,,,,,,,,,,,,,,,,,,,,,,,,,,,,,,,,,,,,,,,,,,,,,,,,,,,,,,,,,,,,,,,,,,,,,,,,,,,,,,,,,,,,,,,,,,,,,,,,,,,,,,,,,,,,,,,,,,,,,,,,,,,,,,,,,,,,,,,,,,,,,,,,,,,,,,,,,,,,,,,,,,,,,,,,,,,,,,,,,,,,,,,,,,,,,,,,,,,,,,,,,,,,,,,,,,,,,,,,,,,,,,,,,,,,,,,,,,,,,,,,,,,,,,,,,,,,,,,,,,,,,,,,,,,,,,,,,,,,,,,,,,,,,,,,,,,,,,,,,,,,,,,,,,,,,,,,,,,,,,,,,,,,,,,,,,,,,,,,,,,,,,,,,,,,,,,,,,,,,,,,,,,,,,,,,,,,,,,,,,,,,,,,,,,,,,,,,,,,,,,,,,,,,,,,,,,,,,,,,,,,,,,,,,,,,,,,,,,,,,,,,,,,,,,,,,,,,,,,,,,,,,,,,,,,,,,,,,,,,,,,,,,,,,,,,,,,,,,,,,,,,,,,,,,,,,,,,,,,,,,,,,,,,,,,,,,,,,,,,,,,,,,,,,,,,,,,,,,,,,,,,,,,,,,,,,,,,,,,,,,,,,,,,,,,,,,,,
,,,,,,,,,,,,,,,,,,,,,,,,,,,,,,,,,,,,,,,,,,,,,,,,,,,,,,,,,,,,,,,,,,,,,,,,,,,,,,,,,,,,,,,,,,,,,,,,,,,,,,,,,,,,,,,,,,,,,,,,,,,,,,,,,,,,,,,,,,,,,,,,,,,,,,,,,,,,,,,,,,,,,,,,,,,,,,,,,,,,,,,,,,,,,,,,,,,,,,,,,,,,,,,,,,,,,,,,,,,,,,,,,,,,,,,,,,,,,,,,,,,,,,,,,,,,,,,,,,,,,,,,,,,,,,,,,,,,,,,,,,,,,,,,,,,,,,,,,,,,,,,,,,,,,,,,,,,,,,,,,,,,,,,,,,,,,,,,,,,,,,,,,,,,,,,,,,,,,,,,,,,,,,,,,,,,,,,,,,,,,,,,,,,,,,,,,,,,,,,,,,,,,,,,,,,,,,,,,,,,,15002.0,,,,,,,,,,,,,,,,,,,,,,,,,,,,,,,,,,,,,,,,,,,,,,,,,,,,,,,,,,,,,,,,,,,,,,,,,,,,,,,,,,,,,,,,,,,,,,,,,,,,,,,,,,,,,,,,,,,,,,,,,,,,,,,,,,,,,,,,,,,,,,,,,,,,,,,,,,,,,,,,,,,,,,,,,,,,,,,,,,,,,,,,,,,,,,,,,,,,,,,,,,,,,,,,,,,,,,,,,,,,,,,,,,,,,,,,,,,,,,,,,,11156.0,,,,,,,,,,,,,,,,,,,,,,,,,,,,,,,,,,,,,,,,,,,,,,,,,,,,,,,,,,,,,,,,,,,,,,,,,,,,,,,,,,,,,,,,,,,,,,,,,,,,,,,,,,,,,,,,,,,,,,,,,,,,,,,,,,,,,,,,,,,,,,,,,,,,,,,,,,,,,,,,,,,,,,,,,,,,,,,,,,,,,,,,,,,,,,,,,,,,,,,,,,,,,,,,,,,,,,,,,,,,,,,,,,,,,,,,,,,,,,,,,,,,,,,,,,,,,,,,,,,,,,,,,,,,,,,,,,,,,,,,,,,,,,,,,,,,,,,,,,,,,,,,,,,,,,,,,,,,,,,,,,,,,,,,,,,,,,,,,,,,,,,,,,,,,,,,,,,,,,,,,,,,,,,,,,,,,,,,,,,,,,,,,,,,,,,,,,,,,,,,,,,,,,,,,,,,,,,,,,,,,,,,,,,,,,,,,,,,,,,,,,,,,,,,,,,,,,,,,,,,,,,,,,,,,,,,,,,,,,,,,,,,,,,,,,,,,,,,,,,,,,,,,,,,,,,,,,,,,,,,,,,,,,,,,,,,,,,,,,,,,,,,,,,,,,,,,,,,,,,,,,,,,,,,,,,,,,,,,,,,,,,,,,,,,,,,,,,,,,,,,,,,,,,,,,,,,,,,,,,,,,,,,,,,,,,,,,,,,,,,,,,,,,,,,,,,,,,,,,,,,,,,,,,,,,,,,,,,,,,,,,,,,,,,,,,,,,,,,,,,,,,,,,,,,,,,,,,,,,,,,,,,,,,,,,,,,,,,,,,,,,,,,,,,,,,,,,,,,,,,,,,,,,,,,,,,,,,,,,,,,,,,,,,,,,,,,,,,,,,,,,,,,,,,,,,,,,,,,,,,,,,,,,,,,,,,,,,,,,,,,,,,,,,,,,,,,,,,,,,,,,,,,,,,,,,,,,,,,,,,,,,,,,,,,,,,,,,,,,,,,,,,,,,,,,,,,,,,,,,,,,,,,,,,,,,,,,,,,,,,,,,,,,,,,,,,,,,,,,,,,,,,,,,,,,,,,,,,,,,,,,,,,,,,,,,,,,,,,,,,,,,,,,,,,,,,,,,,,,,,,,,,,,,,,,,,,,,,,,,,,,,,,,,,,,,,,,,,,,,,,,,,,,,,,,,,,,,,,,,,,,,,,,,,,,,,,,,,,,,,,,,,,,,,,,,,,,,,,,,,,,,,,,,,,,,,,,,,,,,,,,,,,,,,,,,,,,,,,,,,,,,,,,,,,,,,,,,,,,,,,,,,,,,,,,,,,,,,,,,,,,,,,,,,,,,,,,,,,,,,,,,,,,,,,,,,,,,,,,,,,,,,,,,,,,,,,,,,,,,,,,,,,,,,,,,,,,,,,,,,,,,,,,,,,,,,,,,,,,,,,,,,,,,,,,,,,,,,,,,,,,,,,,,,,,,,,,,,,,,,,,,,,,,,,,,,,,,,,,,,,,,,,,,,,,,,,,,,,,,,,,,,,,,,,,,,,,,,,,,,,,,,,,,,,,,,,,,,,,,,,,,,,,,,,,,,,,,,,,,,,,,,,,,,,,,,,,,,,,,,,,,,,,,,,,,,,,,,,,,,,,,,,,,,,,,,,,,,,,,,,,,,,,,,,,,,,,,,,,,,,,,,,,,,,,,,,,,,,,,,,,,,,,,,,,,,,,,,,,,,,,,,,,,,,,,,,,,,,,,,,,,,,,,,,,,,,,,,,,,,,,,,,,,,,,,,,,,,,,,,,,,,,,,,,,,,,,,,,,,,,,,,,,,,,,,,,,,,,,,,,,,,,,,,,,,,,,,,,,,,,,,,,,,,,,,,,,,,,,,,,,,,,,,,,,,,,,,,,,,,,,,,,,,,,,,,,,,,,,,,,,,,,,,,,,,,,,,,,,,,,,,,,,,,,,,,,,,,,,,,,,,,,,,,,,,,,,,,,,,,,,,,,,,,,,,,,,,,,,,,,,,,,,,,,,,,,,,,,,,,,,,,,,,,,,,,,,,,,,,,,,,,,,,,,,,,,,,,,,,,,,,,,,,,,,,,,,,,,,,,,,,,,,,,,,,,,,,,,,,,,,,,,,,,,,,,,,,,,,,,,,,,,,,,,,,,,,,,,,,,,,,,,,,,,,,,,,,,,,,,,,,,,,,,,,,,,,,,,,,,,,,,,,,,,,,,,,,,,,,,,,,,,,,,,,,,,,,,,,,,,,,,,,,,,,,,,,,,,,,,,,,,,,,,,,,,,,,,,,,,,,,,,,,,,,,,,,,,,,,,,,,,,,,,,,,,,,,,,,,,,,,,,,,,,,,,,,,,,,,,,,,,,,,,,,,,,,,,,,,,,,,,,,,,,,,,,,,,,,,,,,,,,,,,,,,,,,,,,,,,,,,,,,,,,,,,,,,,,,,,,,,,,,,,,,,,,,,,,,,,,,,,,,,,,,,,,,,,,,,,,,,,,,,,,,,,,,,,,,,,,,,,,,,,,,,,,,,,,,,,,,,,,,,,,,,,,,,,,,,,,,,,,,,,,,,,,,,,,,,,,,,,,,,,,,,,,,,,,,,,,,,,,,,,,,,,,,,,,,,,,,,,,,,,,,,,,,,,,,,,,,,,,,,,,,,,,,,,,,,,,,,,,,,,,,,,,,,,,,,,,,,,,,,,,,,,,,,,,,,,,,,,,,,,,,,,,,,,,,,,,,,,,,,,,,,,,,,,,,,,,,,,,,,,,,,,,,,,,,,,,,,,,,,,,,,,,,,,,,,,,,,,,,,,,,,,,,,,,,,,,,,,,,,,,,,,,,,,,,,,,,,,,,,,,,,,,,,,,,,,,,,,,,,,,,,,,,,,,,,,,,,,,,,,,,,,,,,,,,,,,,,,,,,,,,,,,,,,,,,,,,,,,,,,,,,,,,,,,,,,,,,,,,,,,,,,,,,,,,,,,,,,,,,,,,,,,,,,,,,,,,,,,,,,,,,,,,,,,,,,,,,,,,,,,,,,,,,,,,,,,,,,,,,,,,,,,,,,,,,,,,,,,,,,,,,,,,,,,,,,,,,,,,,,,,,,,,17973.0,,,,,,,,,,,,,,,,,,,,,,,,,,,,,,,,,,,,,,,,,,,,,,,,,,,,,,,,,,,,,,,,,,,,,,,,,,,,,,,,,,,,,,,,,,,,,,,,,,,,,,,,,,,,,,,,,,,,,,,,,,,,,,,,,,,,,,,,,,,,,,,,,,,,,,,,,,,,,,,,,,,,,,,,,,,,,,,,,,,,,,,,,,,,,,,,,,,,,,,,,,,,,,,,,,,,,,,,,,,,,,,,,,,,,,,,,,,,,,,,,,,,,,,,,,,,,,,,,,,,,,,,,,,,,,,,,,,,,,,,,,,,,,,,,,,,,,,,,,,,,,,,,,,,,,,,,,,,,,,,,,,,,,,,,,,,,,,,,,,,,,,,,,,,,,,,,,,,,,,,,,,,,,,,,,,,,,,,,,,,,,,,,,,,,,,,,,,,,,,,,,,,,,,,,,,,,,,,,,,,,,,,,,,,,,,,,,,,,,,,,,,,,,,,,,,,,,,,,,,,,,,,,,,,,,,,,,,,,,,,,,,,,,,,,,,,,,,,,,,,,,,,,,,,,,,,,,,,,,,,,,,,,,,,,,,,,,,,,,,,,,,,,,,,,,,,,,,,,,,,,,,,,,,,,,,,,,,,,,,,,,,,,,,,,,,,,,,,,,,,,,,,,,,,,,,,,,,,,,,,,,,,,,,,,,,,,,,,,,,,,,,,,,,,,,,,,,,,,,,,,,,,,,,,,,,,,,,,,,,,,,,,,,,,,,,,,,,,,,,,,,,,,,,,,,,,,,,,,,,,,,,,,,,,,,,,,,,,,,,,,,,,,,,,,,,,,,,,,,,,,,,,,,,,,,,,,,,,,,,,,,,,,,,,,,,,,,,,,,,,,,,,,,,,,,,,,,,,,,,,,,,,,,,,,,,,,,,,,,,,,,,,,,,,,,,,,,,,,,,,,,,,,,,,,,,,,,,,,,,,,,,,,,,,,,,,,,,,,,,,,,,,,,,,,,,,,,,,,,,,,,,,,,,,,,,,,,,,,,,,,,,,,,,,,,,,,,,,,,,,,,,,,,,,,,,,,,,,,,,,,,,,,,,,,,,,,,,,,,,,,,,,,,,,,,,,,,,,,,,,,,,,,,,,,,,,,,,,,,,,,,,,,,,,,,,,,,,,,,,,,,,,,,,,,,,,,,,,,,,,,,,,,,,,,,,,,,,,,,,,,,,,,,,,,,,,,,,,,,,,,,,,,,,,,,,,,,,,,,,,,,,,,,,,,,,,,,,,,,,,,,,,,,,,,,,,,,,,,,,,,,,,,,,,,,,,,,,,,,,,,,,,,,,,,,,,,,,,,,,,,,,,,,,,,,,,,,,,,,,,,,,,,,,,,,,,,,,,,,,,,,,,,,,,,,,,,,,,,,,,,,,,,,,,,,,,,,,,,,,,,,,,,,,,,,,,,,,,,,,,,,,,,,,,,,,,,,,,,,,,,,,,,,,,,,,,,,,,,,,,,,,,,,,,,,,,,,,,,,,,,,,,,,,,,,,,,,,,,,,,,,,,,,,,,,,,,,,,,,,,,,,,,,,,,,,,,,,,,,,,,,,,,,,,,,,,,,,,,,,,,,,,,,,,,,,,,,,,,,,,,,,,,,,,,,,,,,,,,,,,,,,,,,,,,,,,,,,,,,,,,,
,,,,,,,,,,,,,,,,,,,,,,,,,,,,,,,,,,,,,,,,,,,,,,,,,,,,,,,,,,,,,,,,,,,,,,,,,,,,,,,,,,,,,,,,,,,,,,,,,,,,,,,,,,,,,,,,,,,,,,,,,,,,,,,,,,,,,,,,,,,,,,,,,,,,,,,,,,,,,,,,,,,,,,,,,,,,,,,,,,,,,,,,,,,,,,,,,,,,,,,,,,,,,,,,,,,,,,,,,,,,,,,,,,,,,,,,,,,,,,,,,,,,,,,,,,,,,,,,,,,,,,,,,,,,,,,,,,,,,,,,,,,,,,,,,,,,,,,,,,,,,,,,,,,,,,,,,,,,,,,,,,,,,,,,,,,,,,,,,,,,,,,,,,,,,,,,,,,,,,,,,,,,,,,,,,,,,,,,,,,,,,,,,,,,,,,,,,,,,,,,,,,,,,,,,,,,,,,,,,,,,15601.0,,,,,,,,,,,,,,,,,,,,,,,,,,,,,,,,,,,,,,,,,,,,,,,,,,,,,,,,,,,,,,,,,,,,,,,,,,,,,,,,,,,,,,,,,,,,,,,,,,,,,,,,,,,,,,,,,,,,,,,,,,,,,,,,,,,,,,,,,,,,,,,,,,,,,,,,,,,,,,,,,,,,,,,,,,,,,,,,,,,,,,,,,,,,,,,,,,,,,,,,,,,,,,,,,,,,,,,,,,,,,,,,,,,,,,,,,,,,,,,,,,11999.0,,,,,,,,,,,,,,,,,,,,,,,,,,,,,,,,,,,,,,,,,,,,,,,,,,,,,,,,,,,,,,,,,,,,,,,,,,,,,,,,,,,,,,,,,,,,,,,,,,,,,,,,,,,,,,,,,,,,,,,,,,,,,,,,,,,,,,,,,,,,,,,,,,,,,,,,,,,,,,,,,,,,,,,,,,,,,,,,,,,,,,,,,,,,,,,,,,,,,,,,,,,,,,,,,,,,,,,,,,,,,,,,,,,,,,,,,,,,,,,,,,,,,,,,,,,,,,,,,,,,,,,,,,,,,,,,,,,,,,,,,,,,,,,,,,,,,,,,,,,,,,,,,,,,,,,,,,,,,,,,,,,,,,,,,,,,,,,,,,,,,,,,,,,,,,,,,,,,,,,,,,,,,,,,,,,,,,,,,,,,,,,,,,,,,,,,,,,,,,,,,,,,,,,,,,,,,,,,,,,,,,,,,,,,,,,,,,,,,,,,,,,,,,,,,,,,,,,,,,,,,,,,,,,,,,,,,,,,,,,,,,,,,,,,,,,,,,,,,,,,,,,,,,,,,,,,,,,,,,,,,,,,,,,,,,,,,,,,,,,,,,,,,,,,,,,,,,,,,,,,,,,,,,,,,,,,,,,,,,,,,,,,,,,,,,,,,,,,,,,,,,,,,,,,,,,,,,,,,,,,,,,,,,,,,,,,,,,,,,,,,,,,,,,,,,,,,,,,,,,,,,,,,,,,,,,,,,,,,,,,,,,,,,,,,,,,,,,,,,,,,,,,,,,,,,,,,,,,,,,,,,,,,,,,,,,,,,,,,,,,,,,,,,,,,,,,,,,,,,,,,,,,,,,,,,,,,,,,,,,,,,,,,,,,,,,,,,,,,,,,,,,,,,,,,,,,,,,,,,,,,,,,,,,,,,,,,,,,,,,,,,,,,,,,,,,,,,,,,,,,,,,,,,,,,,,,,,,,,,,,,,,,,,,,,,,,,,,,,,,,,,,,,,,,,,,,,,,,,,,,,,,,,,,,,,,,,,,,,,,,,,,,,,,,,,,,,,,,,,,,,,,,,,,,,,,,,,,,,,,,,,,,,,,,,,,,,,,,,,,,,,,,,,,,,,,,,,,,,,,,,,,,,,,,,,,,,,,,,,,,,,,,,,,,,,,,,,,,,,,,,,,,,,,,,,,,,,,,,,,,,,,,,,,,,,,,,,,,,,,,,,,,,,,,,,,,,,,,,,,,,,,,,,,,,,,,,,,,,,,,,,,,,,,,,,,,,,,,,,,,,,,,,,,,,,,,,,,,,,,,,,,,,,,,,,,,,,,,,,,,,,,,,,,,,,,,,,,,,,,,,,,,,,,,,,,,,,,,,,,,,,,,,,,,,,,,,,,,,,,,,,,,,,,,,,,,,,,,,,,,,,,,,,,,,,,,,,,,,,,,,,,,,,,,,,,,,,,,,,,,,,,,,,,,,,,,,,,,,,,,,,,,,,,,,,,,,,,,,,,,,,,,,,,,,,,,,,,,,,,,,,,,,,,,,,,,,,,,,,,,,,,,,,,,,,,,,,,,,,,,,,,,,,,,,,,,,,,,,,,,,,,,,,,,,,,,,,,,,,,,,,,,,,,,,,,,,,,,,,,,,,,,,,,,,,,,,,,,,,,,,,,,,,,,,,,,,,,,,,,,,,,,,,,,,,,,,,,,,,,,,,,,,,,,,,,,,,,,,,,,,,,,,,,,,,,,,,,,,,,,,,,,,,,,,,,,,,,,,,,,,,,,,,,,,,,,,,,,,,,,,,,,,,,,,,,,,,,,,,,,,,,,,,,,,,,,,,,,,,,,,,,,,,,,,,,,,,,,,,,,,,,,,,,,,,,,,,,,,,,,,,,,,,,,,,,,,,,,,,,,,,,,,,,,,,,,,,,,,,,,,,,,,,,,,,,,,,,,,,,,,,,,,,,,,,,,,,,,,,,,,,,,,,,,,,,,,,,,,,,,,,,,,,,,,,,,,,,,,,,,,,,,,,,,,,,,,,,,,,,,,,,,,,,,,,,,,,,,,,,,,,,,,,,,,,,,,,,,,,,,,,,,,,,,,,,,,,,,,,,,,,,,,,,,,,,,,,,,,,,,,,,,,,,,,,,,,,,,,,,,,,,,,,,,,,,,,,,,,,,,,,,,,,,,,,,,,,,,,,,,,,,,,,,,,,,,,,,,,,,,,,,,,,,,,,,,,,,,,,,,,,,,,,,,,,,,,,,,,,,,,,,,,,,,,,,,,,,,,,,,,,,,,,,,,,,,,,,,,,,,,,,,,,,,,,,,,,,,,,,,,,,,,,,,,,,,,,,,,,,,,,,,,,,,,,,,,,,,,,,,,,,,,,,,,,,,,,,,,,,,,,,,,,,,,,,,,,,,,,,,,,,,,,,,,,,,,,,,,,,,,,,,,,,,,,,,,,,,,,,,,,,,,,,,,,,,,,,,,,,,,,,,,,,,,,,,,,,,,,,,,,,,,,,,,,,,,,,,,,,,,,,,,,,,,,,,,,,,,,,,,,,,,,,,,,,,,,,,,,,,,,,,,,,,,,,,,,,,,,,,,,,,,,,,,,,,,,,,,,,,,,,,,,,,,,,,,,,,,,,,,,,,,,,,,,,,,,,,,,,,,,,,,,,,,,,,,,,,,,,,,,,,,,,,,,,,,,,,,,,,,,,,,,,,,,,,,,,,,,,,,,,,,,,,,,,,,,,,,,,,,,,,,,,,,,,,,,,,,,,,,,,,,,,,,,,,,,,,,,,,,,,,,,,,,,,,,,,,,,,,,,,,,,,,,,,,,,,,,,,,,,,,,,,,,,,,,,,,,,,,,,,,,,,,,,,,,,,,,,,,,,,,,,,,,,,,,,,,,,,,,,,,,,,,,,,,,,,,,,,,,,,,,,,,,,,,,,,,,,,,,,,,,,,,,,,,,,,,,,,,,,,,,,,,,,,,,,,,,,,,,,,,,,,,,,,,,,,,,,,,,,,,,,,,,,,,,,,,,,,,,,,,,,,,,,,,,,,,,,,,,,,,,,,,,,,,,,,,,,,,,,,,,,,,,,,,,,,,,,,,,,,,,,,,,,,,,,,,,,,,,,,,,,,,,,,,,,,,,,,,,,,,,,,,,,,,,,,,,,,,,,,,,,,,,,,,,,,,,,,,,,,,,,,,,,,,,,,,,,,,,,,,,,,,,,,,,,,,,,,,,,,,,,,,,,,,,,,,,,,,,,,,,,,,,,,,,,,,,,,,,,,,,,,,,,,,,,,,,,,,,,,,,,,,,,,,,,,,,,,,,,,,,,,,,,,,,,,,,,,,,,,,,,,,,,,,,,,,,,,,,,,,,,,,,,,,,,,,,,,,,,,,,,,,,,,,,,,,,,,,,,,,,,,,,,,,,,,,,,,,,,,,,,,,,,,,,,,,,,,,,,,,,,,,,,,,,,,,,,,,,,,,,,,,,,,,,,,,,,,,,,,,,,,,,,,,,,,,,,,,,,,,,,,,,,,,,,,,,,,,,,,,,,,,,,,,,,,,,,,,,,,,,,,,,,,,,,,,,,,,,,,,,,,,,,,,,,,,,,,,,,,,,,,,,,,,,,,,,,,,,,,,,,,,,,,,,,,,,,,,,,,,,,,,,,,,,,,,,,,,,,,,,,,,,,,,,,,,,,,,,,,,,,,,,,,,,,,,,,,,,,,,,,,,,,,,,,,,,,,,,,,,,,,,,,,,,,,,,,,,,,,,,,,,,,,,,,,,,,,,,,,,,,,,,,,,,,,,,,,,,,,,,,,,,,,,,,,,,,,,,,,,,,,,,,,,,,,,,,,,,,,,,,,,,,,,,,,,,,,,,,,,,,,,,,,,,,,,,,,,,,,,,,,,,,,,,,,,,,,,,,,,,,,,,,,,,,,,,,,,,,,,,,,,,,,,,,,,,,,,,,,,,,,,,,,,,,,,,,,,,,,,,,,,,,,,,,,,,,,,,,,,,,,,,,,,,,,,,,,,,,,,,,,,,,,,,,,,,,,,,,,,,,,,,,,,,,,,,,,,,,,,,,,,,,,,,,,,,,,,,,,,,,,,,,,,,,,,,,,,,,,,,,,,,,,,,,,,,,,,,,,,,,,,,,,,,,,,,,,,,,,,,,,,,,,,,,,,,,,,,,,,,,,,,,,,,,,,,,,,,,,,,,,,,,,,,,,,,,,,,,,,,,,,,,,,,,,,,,,,,,,,,,,,,,,,,,,,,,,,,,,,,,,,,,,,,,,,,,,,,,,,,,,,,,,,,,,,,,,,,,,,,,,,,,,,,,,,,,,,,,,,,,,,,,,,,,,,,,,,,,,,,,,,,,,,,,,,,,,,,,,,,,,,,,,,,,,,,,,,,,,,,,,,,,,,,,,,,,,,,,,,,,,,,,,,,,,,,,,,,,,,,,,,,,,,,,,,,,,,,,,,,,,,,,,,,,,,,,,,,,,,,,,,,,,,,,,,,,,,,,,,,,,,,,,,,,,,,,,,,,,,,,,,,,,,,,,,,,,,,,,,,,,,,,,,,,,,,,,,,,,,,,,,,,,,,,,,,,,,,,,,,,,,,,,,,,,,,,,,,,,,,,,,,,,,,,,,,,,,,,,,,,,,,,,,,,,,,,,,,,,,,,,,,,,,,,,,,,,,,,,,,,,,,,,,,,,,,,,,,,,,,,,,,,,,,,,,,,,,,,,,,,,,,,,,,,,,,,,,,,,,,,,,,,,,,,,,,,,,,,,,,,,,,,,,,,,,
,,,,,,,,,,,,,,,,,,,,,,,,,,,,,,,,,,,,,,,,,,,,,,,,,,,,,,,,,,,,,,,,,,,,,,,,,,,,,,,,,,,,,,,,,,,,,,,,,,,,,,,,,,,,,,,,,,,,,,,,,,,,,,,,,,,,,,,,,,,,,,,,,,,,,,,,,,,,,,,,,,,,,,,,,,,,,,,,,,,,,,,,,,,,,,,,,,,,,,,,,,,,,,,,,,,,,,,,,,,,,,,,,,,,,,,,,,,,,,,,,,,,,,,,,,,,,,,,,,,,,,,,,,,,,,,,,,,,,,,,,,,,,,,,,,,,,,,,,,,,,,,,,,,,,,,,,,,,,,,,,,,,,,,,,,,,,,,,,,,,,,,,,,,,,,,,,,,,,,,,,,,,,,,,,,,,,,,,,,,,,,,,,,,,,,,,,,,,,,,,,,,,,,,,,,,,,,,,,,,,,15619.0,,,,,,,,,,,,,,,,,,,,,,,,,,,,,,,,,,,,,,,,,,,,,,,,,,,,,,,,,,,,,,,,,,,,,,,,,,,,,,,,,,,,,,,,,,,,,,,,,,,,,,,,,,,,,,,,,,,,,,,,,,,,,,,,,,,,,,,,,,,,,,,,,,,,,,,,,,,,,,,,,,,,,,,,,,,,,,,,,,,,,,,,,,,,,,,,,,,,,,,,,,,,,,,,,,,,,,,,,,,,,,,,,,,,,,,,,,,,,,,,,,12089.0,,,,,,,,,,,,,,,,,,,,,,,,,,,,,,,,,,,,,,,,,,,,,,,,,,,,,,,,,,,,,,,,,,,,,,,,,,,,,,,,,,,,,,,,,,,,,,,,,,,,,,,,,,,,,,,,,,,,,,,,,,,,,,,,,,,,,,,,,,,,,,,,,,,,,,,,,,,,,,,,,,,,,,,,,,,,,,,,,,,,,,,,,,,,,,,,,,,,,,,,,,,,,,,,,,,,,,,,,,,,,,,,,,,,,,,,,,,,,,,,,,,,,,,,,,,,,,,,,,,,,,,,,,,,,,,,,,,,,,,,,,,,,,,,,,,,,,,,,,,,,,,,,,,,,,,,,,,,,,,,,,,,,,,,,,,,,,,,,,,,,,,,,,,,,,,,,,,,,,,,,,,,,,,,,,,,,,,,,,,,,,,,,,,,,,,,,,,,,,,,,,,,,,,,,,,,,,,,,,,,,,,,,,,,,,,,,,,,,,,,,,,,,,,,,,,,,,,,,,,,,,,,,,,,,,,,,,,,,,,,,,,,,,,,,,,,,,,,,,,,,,,,,,,,,,,,,,,,,,,,,,,,,,,,,,,,,,,,,,,,,,,,,,,,,,,,,,,,,,,,,,,,,,,,,,,,,,,,,,,,,,,,,,,,,,,,,,,,,,,,,,,,,,,,,,,,,,,,,,,,,,,,,,,,,,,,,,,,,,,,,,,,,,,,,,,,,,,,,,,,,,,,,,,,,,,,,,,,,,,,,,,,,,,,,,,,,,,,,,,,,,,,,,,,,,,,,,,,,,,,,,,,,,,,,,,,,,,,,,,,,,,,,,,,,,,,,,,,,,,,,,,,,,,,,,,,,,,,,,,,,,,,,,,,,,,,,,,,,,,,,,,,,,,,,,,,,,,,,,,,,,,,,,,,,,,,,,,,,,,,,,,,,,,,,,,,,,,,,,,,,,,,,,,,,,,,,,,,,,,,,,,,,,,,,,,,,,,,,,,,,,,,,,,,,,,,,,,,,,,,,,,,,,,,,,,,,,,,,,,,,,,,,,,,,,,,,,,,,,,,,,,,,,,,,,,,,,,,,,,,,,,,,,,,,,,,,,,,,,,,,,,,,,,,,,,,,,,,,,,,,,,,,,,,,,,,,,,,,,,,,,,,,,,,,,,,,,,,,,,,,,,,,,,,,,,,,,,,,,,,,,,,,,,,,,,,,,,,,,,,,,,,,,,,,,,,,,,,,,,,,,,,,,,,,,,,,,,,,,,,,,,,,,,,,,,,,,,,,,,,,,,,,,,,,,,,,,,,,,,,,,,,,,,,,,,,,,,,,,,,,,,,,,,,,,,,,,,,,,,,,,,,,,,,,,,,,,,,,,,,,,,,,,,,,,,,,,,,,,,,,,,,,,,,,,,,,,,,,,,,,,,,,,,,,,,,,,,,,,,,,,,,,,,,,,,,,,,,,,,,,,,,,,,,,,,,,,,,,,,,,,,,,,,,,,,,,,,,,,,,,,,,,,,,,,,,,,,,,,,,,,,,,,,,,,,,,,,,,,,,,,,,,,,,,,,,,,,,,,,,,,,,,,,,,,,,,,,,,,,,,,,,,,,,,,,,,,,,,,,,,,,,,,,,,,,,,,,,,,,,,,,,,,,,,,,,,,,,,,,,,,,,,,,,,,,,,,,,,,,,,,,,,,,,,,,,,,,,,,,,,,,,,,,,,,,,,,,,,,,,,,,,,,,,,,,,,,,,,,,,,,,,,,,,,,,,,,,,,,,,,,,,,,,,,,,,,,,,,,,,,,,,,,,,,,,,,,,,,,,,,,,,,,,,,,,,,,,,,,,,,,,,,,,,,,,,,,,,,,,,,,,,,,,,,,,,,,,,,,,,,,,,,,,,,,,,,,,,,,,,,,,,,,,,,,,,,,,,,,,,,,,,,,,,,,,,,,,,,,,,,,,,,,,,,,,,,,,,,,,,,,,,,,,,,,,,,,,,,,,,,,,,,,,,,,,,,,,,,,,,,,,,,,,,,,,,,,,,,,,,,,,,,,,,,,,,,,,,,,,,,,,,,,,,,,,,,,,,,,,,,,,,,,,,,,,,,,,,,,,,,,,,,,,,,,,,,,,,,,,,,,,,,,,,,,,,,,,,,,,,,,,,,,,,,,,,,,,,,,,,,,,,,,,,,,,,,,,,,,,,,,,,,,,,,,,,,,,,,,,,,,,,,,,,,,,,,,,,,,,,,,,,,,,,,,,,,,,,,,,,,,,,,,,,,,,,,,,,,,,,,,,,,,,,,,,,,,,,,,,,,,,,,,,,,,,,,,,,,,,,,,,,,,,,,,,,,,,,,,,,,,,,,,,,,,,,,,,,,,,,,,,,,,,,,,,,,,,,,,,,,,,,,,,,,,,,,,,,,,,,,,,,,,,,,,,,,,,,,,,,,,,,,,,,,,,,,,,,,,,,,,,,,,,,,,,,,,,,,,,,,,,,,,,,,,,,,,,,,,,,,,,,,,,,,,,,,,,,,,,,,,,,,,,,,,,,,,,,,,,,,,,,,,,,,,,,,,,,,,,,,,,,,,,,,,,,,,,,,,,,,,,,,,,,,,,,,,,,,,,,,,,,,,,,,,,,,,,,,,,,,,,,,,,,,,,,,,,,,,,,,,,,,,,,,,,,,,,,,,,,,,,,,,,,,,,,,,,,,,,,,,,,,,,,,,,,,,,,,,,,,,,,,,,,,,,,,,,,,,,,,,,,,,,,,,,,,,,,,,,,,,,,,,,,,,,,,,,,,,,,,,,,,,,,,,,,,,,,,,,,,,,,,,,,,,,,,,,,,,,,,,,,,,,,,,,,,,,,,,,,,,,,,,,,,,,,,,,,,,,,,,,,,,,,,,,,,,,,,,,,,,,,,,,,,,,,,,,,,,,,,,,,,,,,,,,,,,,,,,,,,,,,,,,,,,,,,,,,,,,,,,,,,,,,,,,,,,,,,,,,,,,,,,,,,,,,,,,,,,,,,,,,,,,,,,,,,,,,,,,,,,,,,,,,,,,,,,,,,,,,,,,,,,,,,,,,,,,,,,,,,,,,,,,,,,,,,,,,,,,,,,,,,,,,,,,,,,,,,,,,,,,,,,,,,,,,,,,,,,,,,,,,,,,,,,,,,,,,,,,,,,,,,,,,,,,,,,,,,,,,,,,,,,,,,,,,,,,,,,,,,,,,,,,,,,,,,,,,,,,,,,,,,,,,,,,,,,,,,,,,,,,,,,,,,,,,,,,,,,,,,,,,,,,,,,,,,,,,,,,,,,,,,,,,,,,,,,,,,,,,,,,,,,,,,,,,,,,,,,,,,,,,,,,,,,,,,,,,,,,,,,,,,,,,,,,,,,,,,,,,,,,,,,,,,,,,,,,,,,,,,,,,,,,,,,,,,,,,,,,,,,,,,,,,,,,,,,,,,,,,,,,,,,,,,,,,,,,,,,,,,,,,,,,,,,,,,,,,,,,,,,,,,,,,,,,,,,,,,,,,,,,,,,,,,,,,,,,,,,,,,,,,,,,,,,,,,,,,,,,,,,,,,,,,,,,,,,,,,,,,,,,,,,,,,,,,,,,,,,,,,,,,,,,,,,,,,,,,,,,,,,,,,,,,,,,,,,,,,,,,,,,,,,,,,,,,,,,,,,,,,,,,,,,,,,,,,,,,,,,,,,,,,,,,,,,,,,,,,,,,,,,,,,,,,,,,,,,,,,,,,,,,,,,,,,,,,,,,,,,,,,,,,,,,,,,,,,,,,,,,,,,,,,,,,,,,,,,,,,,,,,,,,,,,,,,,,,,,,,,,,,,,,,,,,,,,,,,,,,,,,,,,,,,,,,,,,,,,,,,,,,,,,,,,,,,,,,,,,,,,,,,,,,,,,,,,,,,,,,,,,,,,,,,,,,,,,,,,,,,,,,,,,,,,,,,,,,,,,,,,,,,,,,,,,,,,,,,,,,,,,,,,,,,,,,,,,,,,,,,,,,,,,,,,,,,,,,,,,,,,,,,,,,,,,,,,,,,,,,,,,,,,,,,,,,,,,,,,,,,,,,,,,,,,,,,,,,,,,,,,,,,,,,,,,,,,,,,,,,,,,,,,,,,,,,,,,,,,,,,,,,,,,,,,,,,,,,,,,,,,,,,,,,,,,,,,,,,,,,,,,,,,,,,,,,,,,,,,,,,,,,,,,,,,,,,,,,,,,,,,,,,,,,,,,,,,,,,,,,,,,,,,,,,,,,,,,,,,,,,,,,,,,,,,,,,,,,,,,,,,,,,,,,,,,,,,,,,,,,,,,,,,,,,,,,,,,,,,,,,,,,,,,,,,,,,,,,,,,,,,,,,,,,,,,,,,,,,,,,,,,,,,,,,,,,,,,,,,,,,,,,,,,,,,,,,,,,,,,,,,,,,,,,,,,,,,,,,,,,,,,,,,,,,,,,,,,,,,,,,,,,,,,,,,,,,,,,,,,,,,,,,,,,,,,,,,,,,,,,,,,,,,,,,,,,,,,,,,,,,,,,,,,,,,,,,,,,,,,,,,,,,,,,,,,,,,,,,,,,,,,,,,,,,,,,,,,,,,,,,,,,,,,,,,,,,,,,,,,,,,,,,,,,,,,,,,,,,,,,,,,,,,,,,,,,,,,,,,,,,,,,,,,,,,,,,,,,,,,,,,,,,,,,,,,,,,,,,,,,,,,,,,,,,,,,,,,,,,,,,,,,,,,,,,,,,,,,,,,,,,,,,,,,,,,,,,,,,,,,,,,,,,,,,,,,,,,,,,
,,,,,,,,,,,,,,,,,,,,,,,,,,,,,,,,,,,,,,,,,,,,,,,,,,,,,,,,,,,,,,,,,,,,,,,,,,,,,,,,,,,,,,,,,,,,,,,,,,,,,,,,,,,,,,,,,,,,,,,,,,,,,,,,,,,,,,,,,,,,,,,,,,,,,,,,,,,,,,,,,,,,,,,,,,,,,,,,,,,,,,,,,,,,,,,,,,,,,,,,,,,,,,,,,,,,,,,,,,,,,,,,,,,,,,,,,,,,,,,,,,,,,,,,,,,,,,,,,,,,,,,,,,,,,,,,,,,,,,,,,,,,,,,,,,,,,,,,,,,,,,,,,,,,,,,,,,,,,,,,,,,,,,,,,,,,,,,,,,,,,,,,,,,,,,,,,,,,,,,,,,,,,,,,,,,,,,,,,,,,,,,,,,,,,,,,,,,,,,,,,,,,,,,,,,,,,,,,,,,,,15776.0,,,,,,,,,,,,,,,,,,,,,,,,,,,,,,,,,,,,,,,,,,,,,,,,,,,,,,,,,,,,,,,,,,,,,,,,,,,,,,,,,,,,,,,,,,,,,,,,,,,,,,,,,,,,,,,,,,,,,,,,,,,,,,,,,,,,,,,,,,,,,,,,,,,,,,,,,,,,,,,,,,,,,,,,,,,,,,,,,,,,,,,,,,,,,,,,,,,,,,,,,,,,,,,,,,,,,,,,,,,,,,,,,,,,,,,,,,,,,,,,,,12194.0,,,,,,,,,,,,,,,,,,,,,,,,,,,,,,,,,,,,,,,,,,,,,,,,,,,,,,,,,,,,,,,,,,,,,,,,,,,,,,,,,,,,,,,,,,,,,,,,,,,,,,,,,,,,,,,,,,,,,,,,,,,,,,,,,,,,,,,,,,,,,,,,,,,,,,,,,,,,,,,,,,,,,,,,,,,,,,,,,,,,,,,,,,,,,,,,,,,,,,,,,,,,,,,,,,,,,,,,,,,,,,,,,,,,,,,,,,,,,,,,,,,,,,,,,,,,,,,,,,,,,,,,,,,,,,,,,,,,,,,,,,,,,,,,,,,,,,,,,,,,,,,,,,,,,,,,,,,,,,,,,,,,,,,,,,,,,,,,,,,,,,,,,,,,,,,,,,,,,,,,,,,,,,,,,,,,,,,,,,,,,,,,,,,,,,,,,,,,,,,,,,,,,,,,,,,,,,,,,,,,,,,,,,,,,,,,,,,,,,,,,,,,,,,,,,,,,,,,,,,,,,,,,,,,,,,,,,,,,,,,,,,,,,,,,,,,,,,,,,,,,,,,,,,,,,,,,,,,,,,,,,,,,,,,,,,,,,,,,,,,,,,,,,,,,,,,,,,,,,,,,,,,,,,,,,,,,,,,,,,,,,,,,,,,,,,,,,,,,,,,,,,,,,,,,,,,,,,,,,,,,,,,,,,,,,,,,,,,,,,,,,,,,,,,,,,,,,,,,,,,,,,,,,,,,,,,,,,,,,,,,,,,,,,,,,,,,,,,,,,,,,,,,,,,,,,,,,,,,,,,,,,,,,,,,,,,,,,,,,,,,,,,,,,,,,,,,,,,,,,,,,,,,,,,,,,,,,,,,,,,,,,,,,,,,,,,,,,,,,,,,,,,,,,,,,,,,,,,,,,,,,,,,,,,,,,,,,,,,,,,,,,,,,,,,,,,,,,,,,,,,,,,,,,,,,,,,,,,,,,,,,,,,,,,,,,,,,,,,,,,,,,,,,,,,,,,,,,,,,,,,,,,,,,,,,,,,,,,,,,,,,,,,,,,,,,,,,,,,,,,,,,,,,,,,,,,,,,,,,,,,,,,,,,,,,,,,,,,,,,,,,,,,,,,,,,,,,,,,,,,,,,,,,,,,,,,,,,,,,,,,,,,,,,,,,,,,,,,,,,,,,,,,,,,,,,,,,,,,,,,,,,,,,,,,,,,,,,,,,,,,,,,,,,,,,,,,,,,,,,,,,,,,,,,,,,,,,,,,,,,,,,,,,,,,,,,,,,,,,,,,,,,,,,,,,,,,,,,,,,,,,,,,,,,,,,,,,,,,,,,,,,,,,,,,,,,,,,,,,,,,,,,,,,,,,,,,,,,,,,,,,,,,,,,,,,,,,,,,,,,,,,,,,,,,,,,,,,,,,,,,,,,,,,,,,,,,,,,,,,,,,,,,,,,,,,,,,,,,,,,,,,,,,,,,,,,,,,,,,,,,,,,,,,,,,,,,,,,,,,,,,,,,,,,,,,,,,,,,,,,,,,,,,,,,,,,,,,,,,,,,,,,,,,,,,,,,,,,,,,,,,,,,,,,,,,,,,,,,,,,,,,,,,,,,,,,,,,,,,,,,,,,,,,,,,,,,,,,,,,,,,,,,,,,,,,,,,,,,,,,,,,,,,,,,,,,,,,,,,,,,,,,,,,,,,,,,,,,,,,,,,,,,,,,,,,,,,,,,,,,,,,,,,,,,,,,,,,,,,,,,,,,,,,,,,,,,,,,,,,,,,,,,,,,,,,,,,,,,,,,,,,,,,,,,,,,,,,,,,,,,,,,,,,,,,,,,,,,,,,,,,,,,,,,,,,,,,,,,,,,,,,,,,,,,,,,,,,,,,,,,,,,,,,,,,,,,,,,,,,,,,,,,,,,,,,,,,,,,,,,,,,,,,,,,,,,,,,,,,,,,,,,,,,,,,,,,,,,,,,,,,,,,,,,,,,,,,,,,,,,,,,,,,,,,,,,,,,,,,,,,,,,,,,,,,,,,,,,,,,,,,,,,,,,,,,,,,,,,,,,,,,,,,,,,,,,,,,,,,,,,,,,,,,,,,,,,,,,,,,,,,,,,,,,,,,,,,,,,,,,,,,,,,,,,,,,,,,,,,,,,,,,,,,,,,,,,,,,,,,,,,,,,,,,,,,,,,,,,,,,,,,,,,,,,,,,,,,,,,,,,,,,,,,,,,,,,,,,,,,,,,,,,,,,,,,,,,,,,,,,,,,,,,,,,,,,,,,,,,,,,,,,,,,,,,,,,,,,,,,,,,,,,,,,,,,,,,,,,,,,,,,,,,,,,,,,,,,,,,,,,,,,,,,,,,,,,,,,,,,,,,,,,,,,,,,,,,,,,,,,,,,,,,,,,,,,,,,,,,,,,,,,,,,,,,,,,,,,,,,,,,,,,,,,,,,,,,,,,,,,,,,,,,,,,,,,,,,,,,,,,,,,,,,,,,,,,,,,,,,,,,,,,,,,,,,,,,,,,,,,,,,,,,,,,,,,,,,,,,,,,,,,,,,,,,,,,,,,,,,,,,,,,,,,,,,,,,,,,,,,,,,,,,,,,,,,,,,,,,,,,,,,,,,,,,,,,,,,,,,,,,,,,,,,,,,,,,,,,,,,,,,,,,,,,,,,,,,,,,,,,,,,,,,,,,,,,,,,,,,,,,,,,,,,,,,,,,,,,,,,,,,,,,,,,,,,,,,,,,,,,,,,,,,,,,,,,,,,,,,,,,,,,,,,,,,,,,,,,,,,,,,,,,,,,,,,,,,,,,,,,,,,,,,,,,,,,,,,,,,,,,,,,,,,,,,,,,,,,,,,,,,,,,,,,,,,,,,,,,,,,,,,,,,,,,,,,,,,,,,,,,,,,,,,,,,,,,,,,,,,,,,,,,,,,,,,,,,,,,,,,,,,,,,,,,,,,,,,,,,,,,,,,,,,,,,,,,,,,,,,,,,,,,,,,,,,,,,,,,,,,,,,,,,,,,,,,,,,,,,,,,,,,,,,,,,,,,,,,,,,,,,,,,,,,,,,,,,,,,,,,,,,,,,,,,,,,,,,,,,,,,,,,,,,,,,,,,,,,,,,,,,,,,,,,,,,,,,,,,,,,,,,,,,,,,,,,,,,,,,,,,,,,,,,,,,,,,,,,,,,,,,,,,,,,,,,,,,,,,,,,,,,,,,,,,,,,,,,,,,,,,,,,,,,,,,,,,,,,,,,,,,,,,,,,,,,,,,,,,,,,,,,,,,,,,,,,,,,,,,,,,,,,,,,,,,,,,,,,,,,,,,,,,,,,,,,,,,,,,,,,,,,,,,,,,,,,,,,,,,,,,,,,,,,,,,,,,,,,,,,,,,,,,,,,,,,,,,,,,,,,,,,,,,,,,,,,,,,,,,,,,,,,,,,,,,,,,,,,,,,,,,,,,,,,,,,,,,,,,,,,,,,,,,,,,,,,,,,,,,,,,,,,,,,,,,,,,,,,,,,,,,,,,,,,,,,,,,,,,,,,,,,,,,,,,,,,,,,,,,,,,,,,,,,,,,,,,,,,,,,,,,,,,,,,,,,,,,,,,,,,,,,,,,,,,,,,,,,,,,,,,,,,,,,,,,,,,,,,,,,,,,,,,,,,,,,,,,,,,,,,,,,,,,,,,,,,,,,,,,,,,,,,,,,,,,,,,,,,,,,,,,,,,,,,,,,,,,,,,,,,,,,,,,,,,,,,,,,,,,,,,,,,,,,,,,,,,,,,,,,,,,,,,,,,,,,,,,,,,,,,,,,,,,,,,,,,,,,,,,,,,,,,,,,,,,,,,,,,,,,,,,,,,,,,,,,,,,,,,,,,,,,,,,,,,,,,,,,,,,,,,,,,,,,,,,,,,,,,,,,,,,,,,,,,,,,,,,,,,,,,,,,,,,,,,,,,,,,,,,,,,,,,,,,,,,,,,,,,,,,,,,,,,,,,,,,,,,,,,,,,,,,,,,,,,,,,,,,,,,,,,,,,,,,,,,,,,,,,,,,,,,,,,,,,,,,,,,,,,,,,,,,,,,,,,,,,,,,,,,,,,,,,,,,,,,,,,,,,,,,,,,,,,,,,,,,,,,,,,,,,,,,,,,,,,,,,,,,,,,,,,,,,,,,,,,,,,,,,,,,,,,,,,,,,,,,,,,,,,,,,,,,,,,,,,,,,,,,,,,,,,,,,,,,,,,,,,,,,,,,,,,,,,,,,,,,,,,,,,,,,,,,,,,,,,,,,,,,,,,,,,,,,,,,,,,,,,,,,,,,,,,,,,,,,,,,,,,,,,,,,,,,,,,,,,,,,,,,,,,,,,,,,,,,,,,,,,,,,,,,,,,,,,,,,,,,,,,,,,,,,,,,,,,,,,,,,,,,,,,,,,,,,,,,,,,,,,,,,,,,,,,,,,,,,,,,,,,,,,,,,,,,,,,,,,,,,,,,,,,,,,,,,,,,,,,,,,,,,,,,,,,,,,,,,,,,,,,,,,,,,,,,,,,,,,,,,,,,,,,,,,,,,,,,,,,,,,,,,,,,,,,,,,,,,,,,,,,,,,,,,,,,,,,,,,,,,,,,,,,,,,,,,,,,,,,,,,,,,,,,,,,,,,,,,,,,,,,,,,,,,,,,,,,,,,,,,,,,,,,,,,,,,,,,,,,,,,,,,,,,,,,,,,,,,,,,,,,,,,,,,,,,,,,,,,,,,,,,,,,,,,,,,,,,,,,,,,,,,,,,,,,,,,,,,,,,,,,,
,,,,,,,,,,,,,,,,,,,,,,,,,,,,,,,,,,,,,,,,,,,,,,,,,,,,,,,,,,,,,,,,,,,,,,,,,,,,,,,,,,,,,,,,,,,,,,,,,,,,,,,,,,,,,,,,,,,,,,,,,,,,,,,,,,,,,,,,,,,,,,,,,,,,,,,,,,,,,,,,,,,,,,,,,,,,,,,,,,,,,,,,,,,,,,,,,,,,,,,,,,,,,,,,,,,,,,,,,,,,,,,,,,,,,,,,,,,,,,,,,,,,,,,,,,,,,,,,,,,,,,,,,,,,,,,,,,,,,,,,,,,,,,,,,,,,,,,,,,,,,,,,,,,,,,,,,,,,,,,,,,,,,,,,,,,,,,,,,,,,,,,,,,,,,,,,,,,,,,,,,,,,,,,,,,,,,,,,,,,,,,,,,,,,,,,,,,,,,,,,,,,,,,,,,,,,,,,,,,,,,15867.0,,,,,,,,,,,,,,,,,,,,,,,,,,,,,,,,,,,,,,,,,,,,,,,,,,,,,,,,,,,,,,,,,,,,,,,,,,,,,,,,,,,,,,,,,,,,,,,,,,,,,,,,,,,,,,,,,,,,,,,,,,,,,,,,,,,,,,,,,,,,,,,,,,,,,,,,,,,,,,,,,,,,,,,,,,,,,,,,,,,,,,,,,,,,,,,,,,,,,,,,,,,,,,,,,,,,,,,,,,,,,,,,,,,,,,,,,,,,,,,,,,12379.0,,,,,,,,,,,,,,,,,,,,,,,,,,,,,,,,,,,,,,,,,,,,,,,,,,,,,,,,,,,,,,,,,,,,,,,,,,,,,,,,,,,,,,,,,,,,,,,,,,,,,,,,,,,,,,,,,,,,,,,,,,,,,,,,,,,,,,,,,,,,,,,,,,,,,,,,,,,,,,,,,,,,,,,,,,,,,,,,,,,,,,,,,,,,,,,,,,,,,,,,,,,,,,,,,,,,,,,,,,,,,,,,,,,,,,,,,,,,,,,,,,,,,,,,,,,,,,,,,,,,,,,,,,,,,,,,,,,,,,,,,,,,,,,,,,,,,,,,,,,,,,,,,,,,,,,,,,,,,,,,,,,,,,,,,,,,,,,,,,,,,,,,,,,,,,,,,,,,,,,,,,,,,,,,,,,,,,,,,,,,,,,,,,,,,,,,,,,,,,,,,,,,,,,,,,,,,,,,,,,,,,,,,,,,,,,,,,,,,,,,,,,,,,,,,,,,,,,,,,,,,,,,,,,,,,,,,,,,,,,,,,,,,,,,,,,,,,,,,,,,,,,,,,,,,,,,,,,,,,,,,,,,,,,,,,,,,,,,,,,,,,,,,,,,,,,,,,,,,,,,,,,,,,,,,,,,,,,,,,,,,,,,,,,,,,,,,,,,,,,,,,,,,,,,,,,,,,,,,,,,,,,,,,,,,,,,,,,,,,,,,,,,,,,,,,,,,,,,,,,,,,,,,,,,,,,,,,,,,,,,,,,,,,,,,,,,,,,,,,,,,,,,,,,,,,,,,,,,,,,,,,,,,,,,,,,,,,,,,,,,,,,,,,,,,,,,,,,,,,,,,,,,,,,,,,,,,,,,,,,,,,,,,,,,,,,,,,,,,,,,,,,,,,,,,,,,,,,,,,,,,,,,,,,,,,,,,,,,,,,,,,,,,,,,,,,,,,,,,,,,,,,,,,,,,,,,,,,,,,,,,,,,,,,,,,,,,,,,,,,,,,,,,,,,,,,,,,,,,,,,,,,,,,,,,,,,,,,,,,,,,,,,,,,,,,,,,,,,,,,,,,,,,,,,,,,,,,,,,,,,,,,,,,,,,,,,,,,,,,,,,,,,,,,,,,,,,,,,,,,,,,,,,,,,,,,,,,,,,,,,,,,,,,,,,,,,,,,,,,,,,,,,,,,,,,,,,,,,,,,,,,,,,,,,,,,,,,,,,,,,,,,,,,,,,,,,,,,,,,,,,,,,,,,,,,,,,,,,,,,,,,,,,,,,,,,,,,,,,,,,,,,,,,,,,,,,,,,,,,,,,,,,,,,,,,,,,,,,,,,,,,,,,,,,,,,,,,,,,,,,,,,,,,,,,,,,,,,,,,,,,,,,,,,,,,,,,,,,,,,,,,,,,,,,,,,,,,,,,,,,,,,,,,,,,,,,,,,,,,,,,,,,,,,,,,,,,,,,,,,,,,,,,,,,,,,,,,,,,,,,,,,,,,,,,,,,,,,,,,,,,,,,,,,,,,,,,,,,,,,,,,,,,,,,,,,,,,,,,,,,,,,,,,,,,,,,,,,,,,,,,,,,,,,,,,,,,,,,,,,,,,,,,,,,,,,,,,,,,,,,,,,,,,,,,,,,,,,,,,,,,,,,,,,,,,,,,,,,,,,,,,,,,,,,,,,,,,,,,,,,,,,,,,,,,,,,,,,,,,,,,,,,,,,,,,,,,,,,,,,,,,,,,,,,,,,,,,,,,,,,,,,,,,,,,,,,,,,,,,,,,,,,,,,,,,,,,,,,,,,,,,,,,,,,,,,,,,,,,,,,,,,,,,,,,,,,,,,,,,,,,,,,,,,,,,,,,,,,,,,,,,,,,,,,,,,,,,,,,,,,,,,,,,,,,,,,,,,,,,,,,,,,,,,,,,,,,,,,,,,,,,,,,,,,,,,,,,,,,,,,,,,,,,,,,,,,,,,,,,,,,,,,,,,,,,,,,,,,,,,,,,,,,,,,,,,,,,,,,,,,,,,,,,,,,,,,,,,,,,,,,,,,,,,,,,,,,,,,,,,,,,,,,,,,,,,,,,,,,,,,,,,,,,,,,,,,,,,,,,,,,,,,,,,,,,,,,,,,,,,,,,,,,,,,,,,,,,,,,,,,,,,,,,,,,,,,,,,,,,,,,,,,,,,,,,,,,,,,,,,,,,,,,,,,,,,,,,,,,,,,,,,,,,,,,,,,,,,,,,,,,,,,,,,,,,,,,,,,,,,,,,,,,,,,,,,,,,,,,,,,,,,,,,,,,,,,,,,,,,,,,,,,,,,,,,,,,,,,,,,,,,,,,,,,,,,,,,,,,,,,,,,,,,,,,,,,,,,,,,,,,,,,,,,,,,,,,,,,,,,,,,,,,,,,,,,,,,,,,,,,,,,,,,,,,,,,,,,,,,,,,,,,,,,,,,,,,,,,,,,,,,,,,,,,,,,,,,,,,,,,,,,,,,,,,,,,,,,,,,,,,,,,,,,,,,,,,,,,,,,,,,,,,,,,,,,,,,,,,,,,,,,,,,,,,,,,,,,,,,,,,,,,,,,,,,,,,,,,,,,,,,,,,,,,,,,,,,,,,,,,,,,,,,,,,,,,,,,,,,,,,,,,,,,,,,,,,,,,,,,,,,,,,,,,,,,,,,,,,,,,,,,,,,,,,,,,,,,,,,,,,,,,,,,,,,,,,,,,,,,,,,,,,,,,,,,,,,,,,,,,,,,,,,,,,,,,,,,,,,,,,,,,,,,,,,,,,,,,,,,,,,,,,,,,,,,,,,,,,,,,,,,,,,,,,,,,,,,,,,,,,,,,,,,,,,,,,,,,,,,,,,,,,,,,,,,,,,,,,,,,,,,,,,,,,,,,,,,,,,,,,,,,,,,,,,,,,,,,,,,,,,,,,,,,,,,,,,,,,,,,,,,,,,,,,,,,,,,,,,,,,,,,,,,,,,,,,,,,,,,,,,,,,,,,,,,,,,,,,,,,,,,,,,,,,,,,,,,,,,,,,,,,,,,,,,,,,,,,,,,,,,,,,,,,,,,,,,,,,,,,,,,,,,,,,,,,,,,,,,,,,,,,,,,,,,,,,,,,,,,,,,,,,,,,,,,,,,,,,,,,,,,,,,,,,,,,,,,,,,,,,,,,,,,,,,,,,,,,,,,,,,,,,,,,,,,,,,,,,,,,,,,,,,,,,,,,,,,,,,,,,,,,,,,,,,,,,,,,,,,,,,,,,,,,,,,,,,,,,,,,,,,,,,,,,,,,,,,,,,,,,,,,,,,,,,,,,,,,,,,,,,,,,,,,,,,,,,,,,,,,,,,,,,,,,,,,,,,,,,,,,,,,,,,,,,,,,,,,,,,,,,,,,,,,,,,,,,,,,,,,,,,,,,,,,,,,,,,,,,,,,,,,,,,,,,,,,,,,,,,,,,,,,,,,,,,,,,,,,,,,,,,,,,,,,,,,,,,,,,,,,,,,,,,,,,,,,,,,,,,,,,,,,,,,,,,,,,,,,,,,,,,,,,,,,,,,,,,,,,,,,,,,,,,,,,,,,,,,,,,,,,,,,,,,,,,,,,,,,,,,,,,,,,,,,,,,,,,,,,,,,,,,,,,,,,,,,,,,,,,,,,,,,,,,,,,,,,,,,,,,,,,,,,,,,,,,,,,,,,,,,,,,,,,,,,,,,,,,,,,,,,,,,,,,,,,,,,,,,,,,,,,,,,,,,,,,,,,,,,,,,,,,,,,,,,,,,,,,,,,,,,,,,,,,,,,,,,,,,,,,,,,,,,,,,,,,,,,,,,,,,,,,,,,,,,,,,,,,,,,,,,,,,,,,,,,,,,,,,,,,,,,,,,,,,,,,,,,,,,,,,,,,,,,,,,,,,,,,,,,,,,,,,,,,,,,,,,,,,,,,,,,,,,,,,,,,,,,,,,,,,,,,,,,,,,,,,,,,,,,,,,,,,,,,,,,,,,,,,,,,,,,,,,,,,,,,,,,,,,,,,,,,,,,,,,,,,,,,,,,,,,,,,,,,,,,,,,,,,,,,,,,,,,,,,,,,,,,,,,,,,,,,,,,,,,,,,,,,,,,,,,,,,,,,,,,,,,,,,,,,,,,,,,,,,,,,,,,,,,,,,,,,,,,,,,,,,,,,,,,,,,,,,,,,,,,,,,,,,,,,,,,,,,,,,,,,,,,,,,,,,,,,,,,,,,,,,,,,,,,,,,,,,,,,,,,,,,,,,,,,,,,,,,,,,,,,,,,,,,,,,,,,,,,,,,,,,,,,,,,,,,,,,,,,,,,,,,,,,,,,,,,,,,,,,,,,,,,,,,,,,,,,,,,,,,,,,,,,,,,,,,,,,,,,,,,,,,,,,,,,,,,,,,,,,,,,,,,,,,,,,,,,,,,,,,,,,,,,,,,,,,,,,,,,,,,,,,,,,,,,,,,,,,,,,,,,,,,,,,,,,,,,,,,,,,,,,,,,,,,,,,,,,,,,,,,,,,,,,,,,,,,,,,,,,,,,,,,,,,,,,,,,,,,,,,,,,,,,,,,,,,,,,,,,,,,,,,,,,,,,,,,,,,,,,,,,,,,,,,,,,,,,,,,,,,,,,,,,,,,,,,,,,,,,,,,,,,,,,,,,,,,,,,,,,,,,,,,,,,,,,,,,,,,,,,,,,,,,,,,,,,,,,,,,,,,,,,,,,,,,,,,,,,,,,,,,,,,,,,,,,,,,,,,,,,,,,,,,,,,,,,,,,,,,,,,,,,,,
,,,,,,,,,,,,,,,,,,,,,,,,,,,,,,,,,,,,,,,,,,,,,,,,,,,,,,,,,,,,,,,,,,,,,,,,,,,,,,,,,,,,,,,,,,,,,,,,,,,,,,,,,,,,,,,,,,,,,,,,,,,,,,,,,,,,,,,,,,,,,,,,,,,,,,,,,,,,,,,,,,,,,,,,,,,,,,,,,,,,,,,,,,,,,,,,,,,,,,,,,,,,,,,,,,,,,,,,,,,,,,,,,,,,,,,,,,,,,,,,,,,,,,,,,,,,,,,,,,,,,,,,,,,,,,,,,,,,,,,,,,,,,,,,,,,,,,,,,,,,,,,,,,,,,,,,,,,,,,,,,,,,,,,,,,,,,,,,,,,,,,,,,,,,,,,,,,,,,,,,,,,,,,,,,,,,,,,,,,,,,,,,,,,,,,,,,,,,,,,,,,,,,,,,,,,,,,,,,,,,,17010.0,,,,,,,,,,,,,,,,,,,,,,,,,,,,,,,,,,,,,,,,,,,,,,,,,,,,,,,,,,,,,,,,,,,,,,,,,,,,,,,,,,,,,,,,,,,,,,,,,,,,,,,,,,,,,,,,,,,,,,,,,,,,,,,,,,,,,,,,,,,,,,,,,,,,,,,,,,,,,,,,,,,,,,,,,,,,,,,,,,,,,,,,,,,,,,,,,,,,,,,,,,,,,,,,,,,,,,,,,,,,,,,,,,,,,,,,,,,,,,,,,,12877.0,,,,,,,,,,,,,,,,,,,,,,,,,,,,,,,,,,,,,,,,,,,,,,,,,,,,,,,,,,,,,,,,,,,,,,,,,,,,,,,,,,,,,,,,,,,,,,,,,,,,,,,,,,,,,,,,,,,,,,,,,,,,,,,,,,,,,,,,,,,,,,,,,,,,,,,,,,,,,,,,,,,,,,,,,,,,,,,,,,,,,,,,,,,,,,,,,,,,,,,,,,,,,,,,,,,,,,,,,,,,,,,,,,,,,,,,,,,,,,,,,,,,,,,,,,,,,,,,,,,,,,,,,,,,,,,,,,,,,,,,,,,,,,,,,,,,,,,,,,,,,,,,,,,,,,,,,,,,,,,,,,,,,,,,,,,,,,,,,,,,,,,,,,,,,,,,,,,,,,,,,,,,,,,,,,,,,,,,,,,,,,,,,,,,,,,,,,,,,,,,,,,,,,,,,,,,,,,,,,,,,,,,,,,,,,,,,,,,,,,,,,,,,,,,,,,,,,,,,,,,,,,,,,,,,,,,,,,,,,,,,,,,,,,,,,,,,,,,,,,,,,,,,,,,,,,,,,,,,,,,,,,,,,,,,,,,,,,,,,,,,,,,,,,,,,,,,,,,,,,,,,,,,,,,,,,,,,,,,,,,,,,,,,,,,,,,,,,,,,,,,,,,,,,,,,,,,,,,,,,,,,,,,,,,,,,,,,,,,,,,,,,,,,,,,,,,,,,,,,,,,,,,,,,,,,,,,,,,,,,,,,,,,,,,,,,,,,,,,,,,,,,,,,,,,,,,,,,,,,,,,,,,,,,,,,,,,,,,,,,,,,,,,,,,,,,,,,,,,,,,,,,,,,,,,,,,,,,,,,,,,,,,,,,,,,,,,,,,,,,,,,,,,,,,,,,,,,,,,,,,,,,,,,,,,,,,,,,,,,,,,,,,,,,,,,,,,,,,,,,,,,,,,,,,,,,,,,,,,,,,,,,,,,,,,,,,,,,,,,,,,,,,,,,,,,,,,,,,,,,,,,,,,,,,,,,,,,,,,,,,,,,,,,,,,,,,,,,,,,,,,,,,,,,,,,,,,,,,,,,,,,,,,,,,,,,,,,,,,,,,,,,,,,,,,,,,,,,,,,,,,,,,,,,,,,,,,,,,,,,,,,,,,,,,,,,,,,,,,,,,,,,,,,,,,,,,,,,,,,,,,,,,,,,,,,,,,,,,,,,,,,,,,,,,,,,,,,,,,,,,,,,,,,,,,,,,,,,,,,,,,,,,,,,,,,,,,,,,,,,,,,,,,,,,,,,,,,,,,,,,,,,,,,,,,,,,,,,,,,,,,,,,,,,,,,,,,,,,,,,,,,,,,,,,,,,,,,,,,,,,,,,,,,,,,,,,,,,,,,,,,,,,,,,,,,,,,,,,,,,,,,,,,,,,,,,,,,,,,,,,,,,,,,,,,,,,,,,,,,,,,,,,,,,,,,,,,,,,,,,,,,,,,,,,,,,,,,,,,,,,,,,,,,,,,,,,,,,,,,,,,,,,,,,,,,,,,,,,,,,,,,,,,,,,,,,,,,,,,,,,,,,,,,,,,,,,,,,,,,,,,,,,,,,,,,,,,,,,,,,,,,,,,,,,,,,,,,,,,,,,,,,,,,,,,,,,,,,,,,,,,,,,,,,,,,,,,,,,,,,,,,,,,,,,,,,,,,,,,,,,,,,,,,,,,,,,,,,,,,,,,,,,,,,,,,,,,,,,,,,,,,,,,,,,,,,,,,,,,,,,,,,,,,,,,,,,,,,,,,,,,,,,,,,,,,,,,,,,,,,,,,,,,,,,,,,,,,,,,,,,,,,,,,,,,,,,,,,,,,,,,,,,,,,,,,,,,,,,,,,,,,,,,,,,,,,,,,,,,,,,,,,,,,,,,,,,,,,,,,,,,,,,,,,,,,,,,,,,,,,,,,,,,,,,,,,,,,,,,,,,,,,,,,,,,,,,,,,,,,,,,,,,,,,,,,,,,,,,,,,,,,,,,,,,,,,,,,,,,,,,,,,,,,,,,,,,,,,,,,,,,,,,,,,,,,,,,,,,,,,,,,,,,,,,,,,,,,,,,,,,,,,,,,,,,,,,,,,,,,,,,,,,,,,,,,,,,,,,,,,,,,,,,,,,,,,,,,,,,,,,,,,,,,,,,,,,,,,,,,,,,,,,,,,,,,,,,,,,,,,,,,,,,,,,,,,,,,,,,,,,,,,,,,,,,,,,,,,,,,,,,,,,,,,,,,,,,,,,,,,,,,,,,,,,,,,,,,,,,,,,,,,,,,,,,,,,,,,,,,,,,,,,,,,,,,,,,,,,,,,,,,,,,,,,,,,,,,,,,,,,,,,,,,,,,,,,,,,,,,,,,,,,,,,,,,,,,,,,,,,,,,,,,,,,,,,,,,,,,,,,,,,,,,,,,,,,,,,,,,,,,,,,,,,,,,,,,,,,,,,,,,,,,,,,,,,,,,,,,,,,,,,,,,,,,,,,,,,,,,,,,,,,,,,,,,,,,,,,,,,,,,,,,,,,,,,,,,,,,,,,,,,,,,,,,,,,,,,,,,,,,,,,,,,,,,,,,,,,,,,,,,,,,,,,,,,,,,,,,,,,,,,,,,,,,,,,,,,,,,,,,,,,,,,,,,,,,,,,,,,,,,,,,,,,,,,,,,,,,,,,,,,,,,,,,,,,,,,,,,,,,,,,,,,,,,,,,,,,,,,,,,,,,,,,,,,,,,,,,,,,,,,,,,,,,,,,,,,,,,,,,,,,,,,,,,,,,,,,,,,,,,,,,,,,,,,,,,,,,,,,,,,,,,,,,,,,,,,,,,,,,,,,,,,,,,,,,,,,,,,,,,,,,,,,,,,,,,,,,,,,,,,,,,,,,,,,,,,,,,,,,,,,,,,,,,,,,,,,,,,,,,,,,,,,,,,,,,,,,,,,,,,,,,,,,,,,,,,,,,,,,,,,,,,,,,,,,,,,,,,,,,,,,,,,,,,,,,,,,,,,,,,,,,,,,,,,,,,,,,,,,,,,,,,,,,,,,,,,,,,,,,,,,,,,,,,,,,,,,,,,,,,,,,,,,,,,,,,,,,,,,,,,,,,,,,,,,,,,,,,,,,,,,,,,,,,,,,,,,,,,,,,,,,,,,,,,,,,,,,,,,,,,,,,,,,,,,,,,,,,,,,,,,,,,,,,,,,,,,,,,,,,,,,,,,,,,,,,,,,,,,,,,,,,,,,,,,,,,,,,,,,,,,,,,,,,,,,,,,,,,,,,,,,,,,,,,,,,,,,,,,,,,,,,,,,,,,,,,,,,,,,,,,,,,,,,,,,,,,,,,,,,,,,,,,,,,,,,,,,,,,,,,,,,,,,,,,,,,,,,,,,,,,,,,,,,,,,,,,,,,,,,,,,,,,,,,,,,,,,,,,,,,,,,,,,,,,,,,,,,,,,,,,,,,,,,,,,,,,,,,,,,,,,,,,,,,,,,,,,,,,,,,,,,,,,,,,,,,,,,,,,,,,,,,,,,,,,,,,,,,,,,,,,,,,,,,,,,,,,,,,,,,,,,,,,,,,,,,,,,,,,,,,,,,,,,,,,,,,,,,,,,,,,,,,,,,,,,,,,,,,,,,,,,,,,,,,,,,,,,,,,,,,,,,,,,,,,,,,,,,,,,,,,,,,,,,,,,,,,,,,,,,,,,,,,,,,,,,,,,,,,,,,,,,,,,,,,,,,,,,,,,,,,,,,,,,,,,,,,,,,,,,,,,,,,,,,,,,,,,,,,,,,,,,,,,,,,,,,,,,,,,,,,,,,,,,,,,,,,,,,,,,,,,,,,,,,,,,,,,,,,,,,,,,,,,,,,,,,,,,,,,,,,,,,,,,,,,,,,,,,,,,,,,,,,,,,,,,,,,,,,,,,,,,,,,,,,,,,,,,,,,,,,,,,,,,,,,,,,,,,,,,,,,,,,,,,,,,,,,,,,,,,,,,,,,,,,,,,,,,,,,,,,,,,,,,,,,,,,,,,,,,,,,,,,,,,,,,,,,,,,,,,,,,,,,,,,,,,,,,,,,,,,,,,,,,,,,,,,,,,,,,,,,,,,,,,,,,,,,,,,,,,,,,,,,,,,,,,,,,,,,,,,,,,,,,,,,,,,,,,,,,,,,,,,,,,,,,,,,,,,,,,,,,,,,,,,,,,,,,,,,,,,,,,,,,,,,,,,,,,,,,,,,,,,,,,,,,,,,,,,,,,,,,,,,,,,,,,,,,,,,,,,,,,,,,,,,,,,,,,,,,,,,,,,,,,,,,,,,,,,,,,,,,,,,,,,,,,,,,,,,,,,,,,,,,,,,,,,,,,,,,,,,,,,,,,,,,,,,,,,,,,,,,,,,,,,,,,,,,,,,,,,,,,,,,,,,,,,,,,,,,,,,,,,,,,,,,,,,,,,,,,,,,,,,,,,,,,,,,,,,,,,,,,,,,,,,,,,,,,,,,,,,,,,,,,,,,,,,,,,,,,,,,,,,,,,,,,,,,,,,,,,,,,,,,,,,,,,,,,,,,,,,,,,,,,,,,,,,,,,,,,,,,,,,,,,,,,,,,,,,,,,,,,,,,,,,,,,,,,,,,,,,,,,,,,,,,,,,,,,,,,,,,,,,,,,,,,,,,,,,,,,,,,,,,,,,,,,,,,,,,,,,,,,,,,,,,,,,,,,,,,,,,,,,,,,,,,,,,,,,,,,,,,,,,,,,,,,,,,,,,,,,,,,,,,,,,
,,,,,,,,,,,,,,,,,,,,,,,,,,,,,,,,,,,,,,,,,,,,,,,,,,,,,,,,,,,,,,,,,,,,,,,,,,,,,,,,,,,,,,,,,,,,,,,,,,,,,,,,,,,,,,,,,,,,,,,,,,,,,,,,,,,,,,,,,,,,,,,,,,,,,,,,,,,,,,,,,,,,,,,,,,,,,,,,,,,,,,,,,,,,,,,,,,,,,,,,,,,,,,,,,,,,,,,,,,,,,,,,,,,,,,,,,,,,,,,,,,,,,,,,,,,,,,,,,,,,,,,,,,,,,,,,,,,,,,,,,,,,,,,,,,,,,,,,,,,,,,,,,,,,,,,,,,,,,,,,,,,,,,,,,,,,,,,,,,,,,,,,,,,,,,,,,,,,,,,,,,,,,,,,,,,,,,,,,,,,,,,,,,,,,,,,,,,,,,,,,,,,,,,,,,,,,,,,,,,,,17256.0,,,,,,,,,,,,,,,,,,,,,,,,,,,,,,,,,,,,,,,,,,,,,,,,,,,,,,,,,,,,,,,,,,,,,,,,,,,,,,,,,,,,,,,,,,,,,,,,,,,,,,,,,,,,,,,,,,,,,,,,,,,,,,,,,,,,,,,,,,,,,,,,,,,,,,,,,,,,,,,,,,,,,,,,,,,,,,,,,,,,,,,,,,,,,,,,,,,,,,,,,,,,,,,,,,,,,,,,,,,,,,,,,,,,,,,,,,,,,,,,,,13118.0,,,,,,,,,,,,,,,,,,,,,,,,,,,,,,,,,,,,,,,,,,,,,,,,,,,,,,,,,,,,,,,,,,,,,,,,,,,,,,,,,,,,,,,,,,,,,,,,,,,,,,,,,,,,,,,,,,,,,,,,,,,,,,,,,,,,,,,,,,,,,,,,,,,,,,,,,,,,,,,,,,,,,,,,,,,,,,,,,,,,,,,,,,,,,,,,,,,,,,,,,,,,,,,,,,,,,,,,,,,,,,,,,,,,,,,,,,,,,,,,,,,,,,,,,,,,,,,,,,,,,,,,,,,,,,,,,,,,,,,,,,,,,,,,,,,,,,,,,,,,,,,,,,,,,,,,,,,,,,,,,,,,,,,,,,,,,,,,,,,,,,,,,,,,,,,,,,,,,,,,,,,,,,,,,,,,,,,,,,,,,,,,,,,,,,,,,,,,,,,,,,,,,,,,,,,,,,,,,,,,,,,,,,,,,,,,,,,,,,,,,,,,,,,,,,,,,,,,,,,,,,,,,,,,,,,,,,,,,,,,,,,,,,,,,,,,,,,,,,,,,,,,,,,,,,,,,,,,,,,,,,,,,,,,,,,,,,,,,,,,,,,,,,,,,,,,,,,,,,,,,,,,,,,,,,,,,,,,,,,,,,,,,,,,,,,,,,,,,,,,,,,,,,,,,,,,,,,,,,,,,,,,,,,,,,,,,,,,,,,,,,,,,,,,,,,,,,,,,,,,,,,,,,,,,,,,,,,,,,,,,,,,,,,,,,,,,,,,,,,,,,,,,,,,,,,,,,,,,,,,,,,,,,,,,,,,,,,,,,,,,,,,,,,,,,,,,,,,,,,,,,,,,,,,,,,,,,,,,,,,,,,,,,,,,,,,,,,,,,,,,,,,,,,,,,,,,,,,,,,,,,,,,,,,,,,,,,,,,,,,,,,,,,,,,,,,,,,,,,,,,,,,,,,,,,,,,,,,,,,,,,,,,,,,,,,,,,,,,,,,,,,,,,,,,,,,,,,,,,,,,,,,,,,,,,,,,,,,,,,,,,,,,,,,,,,,,,,,,,,,,,,,,,,,,,,,,,,,,,,,,,,,,,,,,,,,,,,,,,,,,,,,,,,,,,,,,,,,,,,,,,,,,,,,,,,,,,,,,,,,,,,,,,,,,,,,,,,,,,,,,,,,,,,,,,,,,,,,,,,,,,,,,,,,,,,,,,,,,,,,,,,,,,,,,,,,,,,,,,,,,,,,,,,,,,,,,,,,,,,,,,,,,,,,,,,,,,,,,,,,,,,,,,,,,,,,,,,,,,,,,,,,,,,,,,,,,,,,,,,,,,,,,,,,,,,,,,,,,,,,,,,,,,,,,,,,,,,,,,,,,,,,,,,,,,,,,,,,,,,,,,,,,,,,,,,,,,,,,,,,,,,,,,,,,,,,,,,,,,,,,,,,,,,,,,,,,,,,,,,,,,,,,,,,,,,,,,,,,,,,,,,,,,,,,,,,,,,,,,,,,,,,,,,,,,,,,,,,,,,,,,,,,,,,,,,,,,,,,,,,,,,,,,,,,,,,,,,,,,,,,,,,,,,,,,,,,,,,,,,,,,,,,,,,,,,,,,,,,,,,,,,,,,,,,,,,,,,,,,,,,,,,,,,,,,,,,,,,,,,,,,,,,,,,,,,,,,,,,,,,,,,,,,,,,,,,,,,,,,,,,,,,,,,,,,,,,,,,,,,,,,,,,,,,,,,,,,,,,,,,,,,,,,,,,,,,,,,,,,,,,,,,,,,,,,,,,,,,,,,,,,,,,,,,,,,,,,,,,,,,,,,,,,,,,,,,,,,,,,,,,,,,,,,,,,,,,,,,,,,,,,,,,,,,,,,,,,,,,,,,,,,,,,,,,,,,,,,,,,,,,,,,,,,,,,,,,,,,,,,,,,,,,,,,,,,,,,,,,,,,,,,,,,,,,,,,,,,,,,,,,,,,,,,,,,,,,,,,,,,,,,,,,,,,,,,,,,,,,,,,,,,,,,,,,,,,,,,,,,,,,,,,,,,,,,,,,,,,,,,,,,,,,,,,,,,,,,,,,,,,,,,,,,,,,,,,,,,,,,,,,,,,,,,,,,,,,,,,,,,,,,,,,,,,,,,,,,,,,,,,,,,,,,,,,,,,,,,,,,,,,,,,,,,,,,,,,,,,,,,,,,,,,,,,,,,,,,,,,,,,,,,,,,,,,,,,,,,,,,,,,,,,,,,,,,,,,,,,,,,,,,,,,,,,,,,,,,,,,,,,,,,,,,,,,,,,,,,,,,,,,,,,,,,,,,,,,,,,,,,,,,,,,,,,,,,,,,,,,,,,,,,,,,,,,,,,,,,,,,,,,,,,,,,,,,,,,,,,,,,,,,,,,,,,,,,,,,,,,,,,,,,,,,,,,,,,,,,,,,,,,,,,,,,,,,,,,,,,,,,,,,,,,,,,,,,,,,,,,,,,,,,,,,,,,,,,,,,,,,,,,,,,,,,,,,,,,,,,,,,,,,,,,,,,,,,,,,,,,,,,,,,,,,,,,,,,,,,,,,,,,,,,,,,,,,,,,,,,,,,,,,,,,,,,,,,,,,,,,,,,,,,,,,,,,,,,,,,,,,,,,,,,,,,,,,,,,,,,,,,,,,,,,,,,,,,,,,,,,,,,,,,,,,,,,,,,,,,,,,,,,,,,,,,,,,,,,,,,,,,,,,,,,,,,,,,,,,,,,,,,,,,,,,,,,,,,,,,,,,,,,,,,,,,,,,,,,,,,,,,,,,,,,,,,,,,,,,,,,,,,,,,,,,,,,,,,,,,,,,,,,,,,,,,,,,,,,,,,,,,,,,,,,,,,,,,,,,,,,,,,,,,,,,,,,,,,,,,,,,,,,,,,,,,,,,,,,,,,,,,,,,,,,,,,,,,,,,,,,,,,,,,,,,,,,,,,,,,,,,,,,,,,,,,,,,,,,,,,,,,,,,,,,,,,,,,,,,,,,,,,,,,,,,,,,,,,,,,,,,,,,,,,,,,,,,,,,,,,,,,,,,,,,,,,,,,,,,,,,,,,,,,,,,,,,,,,,,,,,,,,,,,,,,,,,,,,,,,,,,,,,,,,,,,,,,,,,,,,,,,,,,,,,,,,,,,,,,,,,,,,,,,,,,,,,,,,,,,,,,,,,,,,,,,,,,,,,,,,,,,,,,,,,,,,,,,,,,,,,,,,,,,,,,,,,,,,,,,,,,,,,,,,,,,,,,,,,,,,,,,,,,,,,,,,,,,,,,,,,,,,,,,,,,,,,,,,,,,,,,,,,,,,,,,,,,,,,,,,,,,,,,,,,,,,,,,,,,,,,,,,,,,,,,,,,,,,,,,,,,,,,,,,,,,,,,,,,,,,,,,,,,,,,,,,,,,,,,,,,,,,,,,,,,,,,,,,,,,,,,,,,,,,,,,,,,,,,,,,,,,,,,,,,,,,,,,,,,,,,,,,,,,,,,,,,,,,,,,,,,,,,,,,,,,,,,,,,,,,,,,,,,,,,,,,,,,,,,,,,,,,,,,,,,,,,,,,,,,,,,,,,,,,,,,,,,,,,,,,,,,,,,,,,,,,,,,,,,,,,,,,,,,,,,,,,,,,,,,,,,,,,,,,,,,,,,,,,,,,,,,,,,,,,,,,,,,,,,,,,,,,,,,,,,,,,,,,,,,,,,,,,,,,,,,,,,,,,,,,,,,,,,,,,,,,,,,,,,,,,,,,,,,,,,,,,,,,,,,,,,,,,,,,,,,,,,,,,,,,,,,,,,,,,,,,,,,,,,,,,,,,,,,,,,,,,,,,,,,,,,,,,,,,,,,,,,,,,,,,,,,,,,,,,,,,,,,,,,,,,,,,,,,,,,,,,,,,,,,,,,,,,,,,,,,,,,,,,,,,,,,,,,,,,,,,,,,,,,,,,,,,,,,,,,,,,,,,,,,,,,,,,,,,,,,,,,,,,,,,,,,,,,,,,,,,,,,,,,,,,,,,,,,,,,,,,,,,,,,,,,,,,,,,,,,,,,,,,,,,,,,,,,,,,,,,,,,,,,,,,,,,,,,,,,,,,,,,,,,,,,,,,,,,,,,,,,,,,,,,,,,,,,,,,,,,,,,,,,,,,,,,,,,,,,,,,,,,,,,,,,,,,,,,,,,,,,,,,,,,,,,,,,,,,,,,,,,,,,,,,,,,,,,,,,,,,,,,,,,,,,,,,,,,,,,,,,,,,,,,,,,,,,,,,,,,,,,,,,,,,,,,,,,,,,,,,,,,,,,,,,,,,,,,,,,,,,,,,,,,,,,,,,,,,,,,,,,,,,,,,,,,,,,,,,,,,,,,,,,,,,,,,,,,,,,,,,,,,,,,,,,,,,,,,,,,,,,,,,,,,,,,,,,,,,,,,,,,,,,,,,,,,,,,,,,,,,,,,,,,,,,,,,,,,,,,,,,,,,,,,,,,,,,,,,,,,,,,,,,,,,,,,,,,,,,,,,,,,,,,,,,,,,,,,,,,,,,,,,,,,,,,,,,,,,,,,,,,,,,,,,,,,,,,,,,,,,,,,,,,,,,,,,,,,,,,,,,,,,,,,,,,,,,,,,,,,,,,,,,,,,,,,,,,,,,,,,,,,,,,,,,,,,,,,,,,,,,,,,,,,,,,,,,,,,,,,,,,,,,,,,,,,,,,,,,,,,,,,,,,,,,,,,,,,,,,,,,,,,,,,,,,,,,,,,,,,,,,,,,,,,,,,,,,,,,,,,,,,,,,
,,,,,,,,,,,,,,,,,,,,,,,,,,,,,,,,,,,,,,,,,,,,,,,,,,,,,,,,,,,,,,,,,,,,,,,,,,,,,,,,,,,,,,,,,,,,,,,,,,,,,,,,,,,,,,,,,,,,,,,,,,,,,,,,,,,,,,,,,,,,,,,,,,,,,,,,,,,,,,,,,,,,,,,,,,,,,,,,,,,,,,,,,,,,,,,,,,,,,,,,,,,,,,,,,,,,,,,,,,,,,,,,,,,,,,,,,,,,,,,,,,,,,,,,,,,,,,,,,,,,,,,,,,,,,,,,,,,,,,,,,,,,,,,,,,,,,,,,,,,,,,,,,,,,,,,,,,,,,,,,,,,,,,,,,,,,,,,,,,,,,,,,,,,,,,,,,,,,,,,,,,,,,,,,,,,,,,,,,,,,,,,,,,,,,,,,,,,,,,,,,,,,,,,,,,,,,,,,,,,,,17456.0,,,,,,,,,,,,,,,,,,,,,,,,,,,,,,,,,,,,,,,,,,,,,,,,,,,,,,,,,,,,,,,,,,,,,,,,,,,,,,,,,,,,,,,,,,,,,,,,,,,,,,,,,,,,,,,,,,,,,,,,,,,,,,,,,,,,,,,,,,,,,,,,,,,,,,,,,,,,,,,,,,,,,,,,,,,,,,,,,,,,,,,,,,,,,,,,,,,,,,,,,,,,,,,,,,,,,,,,,,,,,,,,,,,,,,,,,,,,,,,,,,13559.0,,,,,,,,,,,,,,,,,,,,,,,,,,,,,,,,,,,,,,,,,,,,,,,,,,,,,,,,,,,,,,,,,,,,,,,,,,,,,,,,,,,,,,,,,,,,,,,,,,,,,,,,,,,,,,,,,,,,,,,,,,,,,,,,,,,,,,,,,,,,,,,,,,,,,,,,,,,,,,,,,,,,,,,,,,,,,,,,,,,,,,,,,,,,,,,,,,,,,,,,,,,,,,,,,,,,,,,,,,,,,,,,,,,,,,,,,,,,,,,,,,,,,,,,,,,,,,,,,,,,,,,,,,,,,,,,,,,,,,,,,,,,,,,,,,,,,,,,,,,,,,,,,,,,,,,,,,,,,,,,,,,,,,,,,,,,,,,,,,,,,,,,,,,,,,,,,,,,,,,,,,,,,,,,,,,,,,,,,,,,,,,,,,,,,,,,,,,,,,,,,,,,,,,,,,,,,,,,,,,,,,,,,,,,,,,,,,,,,,,,,,,,,,,,,,,,,,,,,,,,,,,,,,,,,,,,,,,,,,,,,,,,,,,,,,,,,,,,,,,,,,,,,,,,,,,,,,,,,,,,,,,,,,,,,,,,,,,,,,,,,,,,,,,,,,,,,,,,,,,,,,,,,,,,,,,,,,,,,,,,,,,,,,,,,,,,,,,,,,,,,,,,,,,,,,,,,,,,,,,,,,,,,,,,,,,,,,,,,,,,,,,,,,,,,,,,,,,,,,,,,,,,,,,,,,,,,,,,,,,,,,,,,,,,,,,,,,,,,,,,,,,,,,,,,,,,,,,,,,,,,,,,,,,,,,,,,,,,,,,,,,,,,,,,,,,,,,,,,,,,,,,,,,,,,,,,,,,,,,,,,,,,,,,,,,,,,,,,,,,,,,,,,,,,,,,,,,,,,,,,,,,,,,,,,,,,,,,,,,,,,,,,,,,,,,,,,,,,,,,,,,,,,,,,,,,,,,,,,,,,,,,,,,,,,,,,,,,,,,,,,,,,,,,,,,,,,,,,,,,,,,,,,,,,,,,,,,,,,,,,,,,,,,,,,,,,,,,,,,,,,,,,,,,,,,,,,,,,,,,,,,,,,,,,,,,,,,,,,,,,,,,,,,,,,,,,,,,,,,,,,,,,,,,,,,,,,,,,,,,,,,,,,,,,,,,,,,,,,,,,,,,,,,,,,,,,,,,,,,,,,,,,,,,,,,,,,,,,,,,,,,,,,,,,,,,,,,,,,,,,,,,,,,,,,,,,,,,,,,,,,,,,,,,,,,,,,,,,,,,,,,,,,,,,,,,,,,,,,,,,,,,,,,,,,,,,,,,,,,,,,,,,,,,,,,,,,,,,,,,,,,,,,,,,,,,,,,,,,,,,,,,,,,,,,,,,,,,,,,,,,,,,,,,,,,,,,,,,,,,,,,,,,,,,,,,,,,,,,,,,,,,,,,,,,,,,,,,,,,,,,,,,,,,,,,,,,,,,,,,,,,,,,,,,,,,,,,,,,,,,,,,,,,,,,,,,,,,,,,,,,,,,,,,,,,,,,,,,,,,,,,,,,,,,,,,,,,,,,,,,,,,,,,,,,,,,,,,,,,,,,,,,,,,,,,,,,,,,,,,,,,,,,,,,,,,,,,,,,,,,,,,,,,,,,,,,,,,,,,,,,,,,,,,,,,,,,,,,,,,,,,,,,,,,,,,,,,,,,,,,,,,,,,,,,,,,,,,,,,,,,,,,,,,,,,,,,,,,,,,,,,,,,,,,,,,,,,,,,,,,,,,,,,,,,,,,,,,,,,,,,,,,,,,,,,,,,,,,,,,,,,,,,,,,,,,,,,,,,,,,,,,,,,,,,,,,,,,,,,,,,,,,,,,,,,,,,,,,,,,,,,,,,,,,,,,,,,,,,,,,,,,,,,,,,,,,,,,,,,,,,,,,,,,,,,,,,,,,,,,,,,,,,,,,,,,,,,,,,,,,,,,,,,,,,,,,,,,,,,,,,,,,,,,,,,,,,,,,,,,,,,,,,,,,,,,,,,,,,,,,,,,,,,,,,,,,,,,,,,,,,,,,,,,,,,,,,,,,,,,,,,,,,,,,,,,,,,,,,,,,,,,,,,,,,,,,,,,,,,,,,,,,,,,,,,,,,,,,,,,,,,,,,,,,,,,,,,,,,,,,,,,,,,,,,,,,,,,,,,,,,,,,,,,,,,,,,,,,,,,,,,,,,,,,,,,,,,,,,,,,,,,,,,,,,,,,,,,,,,,,,,,,,,,,,,,,,,,,,,,,,,,,,,,,,,,,,,,,,,,,,,,,,,,,,,,,,,,,,,,,,,,,,,,,,,,,,,,,,,,,,,,,,,,,,,,,,,,,,,,,,,,,,,,,,,,,,,,,,,,,,,,,,,,,,,,,,,,,,,,,,,,,,,,,,,,,,,,,,,,,,,,,,,,,,,,,,,,,,,,,,,,,,,,,,,,,,,,,,,,,,,,,,,,,,,,,,,,,,,,,,,,,,,,,,,,,,,,,,,,,,,,,,,,,,,,,,,,,,,,,,,,,,,,,,,,,,,,,,,,,,,,,,,,,,,,,,,,,,,,,,,,,,,,,,,,,,,,,,,,,,,,,,,,,,,,,,,,,,,,,,,,,,,,,,,,,,,,,,,,,,,,,,,,,,,,,,,,,,,,,,,,,,,,,,,,,,,,,,,,,,,,,,,,,,,,,,,,,,,,,,,,,,,,,,,,,,,,,,,,,,,,,,,,,,,,,,,,,,,,,,,,,,,,,,,,,,,,,,,,,,,,,,,,,,,,,,,,,,,,,,,,,,,,,,,,,,,,,,,,,,,,,,,,,,,,,,,,,,,,,,,,,,,,,,,,,,,,,,,,,,,,,,,,,,,,,,,,,,,,,,,,,,,,,,,,,,,,,,,,,,,,,,,,,,,,,,,,,,,,,,,,,,,,,,,,,,,,,,,,,,,,,,,,,,,,,,,,,,,,,,,,,,,,,,,,,,,,,,,,,,,,,,,,,,,,,,,,,,,,,,,,,,,,,,,,,,,,,,,,,,,,,,,,,,,,,,,,,,,,,,,,,,,,,,,,,,,,,,,,,,,,,,,,,,,,,,,,,,,,,,,,,,,,,,,,,,,,,,,,,,,,,,,,,,,,,,,,,,,,,,,,,,,,,,,,,,,,,,,,,,,,,,,,,,,,,,,,,,,,,,,,,,,,,,,,,,,,,,,,,,,,,,,,,,,,,,,,,,,,,,,,,,,,,,,,,,,,,,,,,,,,,,,,,,,,,,,,,,,,,,,,,,,,,,,,,,,,,,,,,,,,,,,,,,,,,,,,,,,,,,,,,,,,,,,,,,,,,,,,,,,,,,,,,,,,,,,,,,,,,,,,,,,,,,,,,,,,,,,,,,,,,,,,,,,,,,,,,,,,,,,,,,,,,,,,,,,,,,,,,,,,,,,,,,,,,,,,,,,,,,,,,,,,,,,,,,,,,,,,,,,,,,,,,,,,,,,,,,,,,,,,,,,,,,,,,,,,,,,,,,,,,,,,,,,,,,,,,,,,,,,,,,,,,,,,,,,,,,,,,,,,,,,,,,,,,,,,,,,,,,,,,,,,,,,,,,,,,,,,,,,,,,,,,,,,,,,,,,,,,,,,,,,,,,,,,,,,,,,,,,,,,,,,,,,,,,,,,,,,,,,,,,,,,,,,,,,,,,,,,,,,,,,,,,,,,,,,,,,,,,,,,,,,,,,,,,,,,,,,,,,,,,,,,,,,,,,,,,,,,,,,,,,,,,,,,,,,,,,,,,,,,,,,,,,,,,,,,,,,,,,,,,,,,,,,,,,,,,,,,,,,,,,,,,,,,,,,,,,,,,,,,,,,,,,,,,,,,,,,,,,,,,,,,,,,,,,,,,,,,,,,,,,,,,,,,,,,,,,,,,,,,,,,,,,,,,,,,,,,,,,,,,,,,,,,,,,,,,,,,,,,,,,,,,,,,,,,,,,,,,,,,,,,,,,,,,,,,,,,,,,,,,,,,,,,,,,,,,,,,,,,,,,,,,,,,,,,,,,,,,,,,,,,,,,,,,,,,,,,,,,,,,,,,,,,,,,,,,,,,,,,,,,,,,,,,,,,,,,,,,,,,,,,,,,,,,,,,,,,,,,,,,,,,,,,,,,,,,,,,,,,,,,,,,,,,,,,,,,,,,,,,,,,,,,,,,,,,,,,,,,,,,,,,,,,,,,,,,,,,,,,,,,,,,,,,,,,,,,,,,,,,,,,,,,,,,,,,,,,,,,,,,,,,,,,,,,,,,,,,,,,,,,,,,,,,,,,,,,,,,,,,,,,,,,,,,,,,,,,,,,,,,,,,,,,,,,,,,,,,,,,,,,,,,,,,,,,,,,,,,,,,,,,,,,,,,,,,,,,,,,,,,,,,,,,,,,,,,,,,,,,,,,,,,,,,,,,,,,,,,,,,,,,,,,,,,,,,,,,,,,,,,,,,,,,,,,,,,,,,,,,,,,,,,,,,,,,,,,,,,,,,,,,,,,,,,,,,,,,,,,,,,,,,,,,,,,,,,,,,,,,,,,,,,,,,,,,,,,,,,,,,,,,,,,,,,,,,,,,,,,,,,,,,,,,,,,,,,,,,,,,,,,,,,,,,,,,,,,,,,,,,,,,,,,,,,,,,,,,,,,,,,,,,,,,,,,,,,,,,,,,,,,,,,,,,,,,,,,,,,,,,,,,,,,,,,,,,,,,,,,,,,,,,,,,,,,,,,,,,,,,,,,,,,,,,,,,,
,,,,,,,,,,,,,,,,,,,,,,,,,,,,,,,,,,,,,,,,,,,,,,,,,,,,,,,,,,,,,,,,,,,,,,,,,,,,,,,,,,,,,,,,,,,,,,,,,,,,,,,,,,,,,,,,,,,,,,,,,,,,,,,,,,,,,,,,,,,,,,,,,,,,,,,,,,,,,,,,,,,,,,,,,,,,,,,,,,,,,,,,,,,,,,,,,,,,,,,,,,,,,,,,,,,,,,,,,,,,,,,,,,,,,,,,,,,,,,,,,,,,,,,,,,,,,,,,,,,,,,,,,,,,,,,,,,,,,,,,,,,,,,,,,,,,,,,,,,,,,,,,,,,,,,,,,,,,,,,,,,,,,,,,,,,,,,,,,,,,,,,,,,,,,,,,,,,,,,,,,,,,,,,,,,,,,,,,,,,,,,,,,,,,,,,,,,,,,,,,,,,,,,,,,,,,,,,,,,,,,17852.0,,,,,,,,,,,,,,,,,,,,,,,,,,,,,,,,,,,,,,,,,,,,,,,,,,,,,,,,,,,,,,,,,,,,,,,,,,,,,,,,,,,,,,,,,,,,,,,,,,,,,,,,,,,,,,,,,,,,,,,,,,,,,,,,,,,,,,,,,,,,,,,,,,,,,,,,,,,,,,,,,,,,,,,,,,,,,,,,,,,,,,,,,,,,,,,,,,,,,,,,,,,,,,,,,,,,,,,,,,,,,,,,,,,,,,,,,,,,,,,,,,13814.0,,,,,,,,,,,,,,,,,,,,,,,,,,,,,,,,,,,,,,,,,,,,,,,,,,,,,,,,,,,,,,,,,,,,,,,,,,,,,,,,,,,,,,,,,,,,,,,,,,,,,,,,,,,,,,,,,,,,,,,,,,,,,,,,,,,,,,,,,,,,,,,,,,,,,,,,,,,,,,,,,,,,,,,,,,,,,,,,,,,,,,,,,,,,,,,,,,,,,,,,,,,,,,,,,,,,,,,,,,,,,,,,,,,,,,,,,,,,,,,,,,,,,,,,,,,,,,,,,,,,,,,,,,,,,,,,,,,,,,,,,,,,,,,,,,,,,,,,,,,,,,,,,,,,,,,,,,,,,,,,,,,,,,,,,,,,,,,,,,,,,,,,,,,,,,,,,,,,,,,,,,,,,,,,,,,,,,,,,,,,,,,,,,,,,,,,,,,,,,,,,,,,,,,,,,,,,,,,,,,,,,,,,,,,,,,,,,,,,,,,,,,,,,,,,,,,,,,,,,,,,,,,,,,,,,,,,,,,,,,,,,,,,,,,,,,,,,,,,,,,,,,,,,,,,,,,,,,,,,,,,,,,,,,,,,,,,,,,,,,,,,,,,,,,,,,,,,,,,,,,,,,,,,,,,,,,,,,,,,,,,,,,,,,,,,,,,,,,,,,,,,,,,,,,,,,,,,,,,,,,,,,,,,,,,,,,,,,,,,,,,,,,,,,,,,,,,,,,,,,,,,,,,,,,,,,,,,,,,,,,,,,,,,,,,,,,,,,,,,,,,,,,,,,,,,,,,,,,,,,,,,,,,,,,,,,,,,,,,,,,,,,,,,,,,,,,,,,,,,,,,,,,,,,,,,,,,,,,,,,,,,,,,,,,,,,,,,,,,,,,,,,,,,,,,,,,,,,,,,,,,,,,,,,,,,,,,,,,,,,,,,,,,,,,,,,,,,,,,,,,,,,,,,,,,,,,,,,,,,,,,,,,,,,,,,,,,,,,,,,,,,,,,,,,,,,,,,,,,,,,,,,,,,,,,,,,,,,,,,,,,,,,,,,,,,,,,,,,,,,,,,,,,,,,,,,,,,,,,,,,,,,,,,,,,,,,,,,,,,,,,,,,,,,,,,,,,,,,,,,,,,,,,,,,,,,,,,,,,,,,,,,,,,,,,,,,,,,,,,,,,,,,,,,,,,,,,,,,,,,,,,,,,,,,,,,,,,,,,,,,,,,,,,,,,,,,,,,,,,,,,,,,,,,,,,,,,,,,,,,,,,,,,,,,,,,,,,,,,,,,,,,,,,,,,,,,,,,,,,,,,,,,,,,,,,,,,,,,,,,,,,,,,,,,,,,,,,,,,,,,,,,,,,,,,,,,,,,,,,,,,,,,,,,,,,,,,,,,,,,,,,,,,,,,,,,,,,,,,,,,,,,,,,,,,,,,,,,,,,,,,,,,,,,,,,,,,,,,,,,,,,,,,,,,,,,,,,,,,,,,,,,,,,,,,,,,,,,,,,,,,,,,,,,,,,,,,,,,,,,,,,,,,,,,,,,,,,,,,,,,,,,,,,,,,,,,,,,,,,,,,,,,,,,,,,,,,,,,,,,,,,,,,,,,,,,,,,,,,,,,,,,,,,,,,,,,,,,,,,,,,,,,,,,,,,,,,,,,,,,,,,,,,,,,,,,,,,,,,,,,,,,,,,,,,,,,,,,,,,,,,,,,,,,,,,,,,,,,,,,,,,,,,,,,,,,,,,,,,,,,,,,,,,,,,,,,,,,,,,,,,,,,,,,,,,,,,,,,,,,,,,,,,,,,,,,,,,,,,,,,,,,,,,,,,,,,,,,,,,,,,,,,,,,,,,,,,,,,,,,,,,,,,,,,,,,,,,,,,,,,,,,,,,,,,,,,,,,,,,,,,,,,,,,,,,,,,,,,,,,,,,,,,,,,,,,,,,,,,,,,,,,,,,,,,,,,,,,,,,,,,,,,,,,,,,,,,,,,,,,,,,,,,,,,,,,,,,,,,,,,,,,,,,,,,,,,,,,,,,,,,,,,,,,,,,,,,,,,,,,,,,,,,,,,,,,,,,,,,,,,,,,,,,,,,,,,,,,,,,,,,,,,,,,,,,,,,,,,,,,,,,,,,,,,,,,,,,,,,,,,,,,,,,,,,,,,,,,,,,,,,,,,,,,,,,,,,,,,,,,,,,,,,,,,,,,,,,,,,,,,,,,,,,,,,,,,,,,,,,,,,,,,,,,,,,,,,,,,,,,,,,,,,,,,,,,,,,,,,,,,,,,,,,,,,,,,,,,,,,,,,,,,,,,,,,,,,,,,,,,,,,,,,,,,,,,,,,,,,,,,,,,,,,,,,,,,,,,,,,,,,,,,,,,,,,,,,,,,,,,,,,,,,,,,,,,,,,,,,,,,,,,,,,,,,,,,,,,,,,,,,,,,,,,,,,,,,,,,,,,,,,,,,,,,,,,,,,,,,,,,,,,,,,,,,,,,,,,,,,,,,,,,,,,,,,,,,,,,,,,,,,,,,,,,,,,,,,,,,,,,,,,,,,,,,,,,,,,,,,,,,,,,,,,,,,,,,,,,,,,,,,,,,,,,,,,,,,,,,,,,,,,,,,,,,,,,,,,,,,,,,,,,,,,,,,,,,,,,,,,,,,,,,,,,,,,,,,,,,,,,,,,,,,,,,,,,,,,,,,,,,,,,,,,,,,,,,,,,,,,,,,,,,,,,,,,,,,,,,,,,,,,,,,,,,,,,,,,,,,,,,,,,,,,,,,,,,,,,,,,,,,,,,,,,,,,,,,,,,,,,,,,,,,,,,,,,,,,,,,,,,,,,,,,,,,,,,,,,,,,,,,,,,,,,,,,,,,,,,,,,,,,,,,,,,,,,,,,,,,,,,,,,,,,,,,,,,,,,,,,,,,,,,,,,,,,,,,,,,,,,,,,,,,,,,,,,,,,,,,,,,,,,,,,,,,,,,,,,,,,,,,,,,,,,,,,,,,,,,,,,,,,,,,,,,,,,,,,,,,,,,,,,,,,,,,,,,,,,,,,,,,,,,,,,,,,,,,,,,,,,,,,,,,,,,,,,,,,,,,,,,,,,,,,,,,,,,,,,,,,,,,,,,,,,,,,,,,,,,,,,,,,,,,,,,,,,,,,,,,,,,,,,,,,,,,,,,,,,,,,,,,,,,,,,,,,,,,,,,,,,,,,,,,,,,,,,,,,,,,,,,,,,,,,,,,,,,,,,,,,,,,,,,,,,,,,,,,,,,,,,,,,,,,,,,,,,,,,,,,,,,,,,,,,,,,,,,,,,,,,,,,,,,,,,,,,,,,,,,,,,,,,,,,,,,,,,,,,,,,,,,,,,,,,,,,,,,,,,,,,,,,,,,,,,,,,,,,,,,,,,,,,,,,,,,,,,,,,,,,,,,,,,,,,,,,,,,,,,,,,,,,,,,,,,,,,,,,,,,,,,,,,,,,,,,,,,,,,,,,,,,,,,,,,,,,,,,,,,,,,,,,,,,,,,,,,,,,,,,,,,,,,,,,,,,,,,,,,,,,,,,,,,,,,,,,,,,,,,,,,,,,,,,,,,,,,,,,,,,,,,,,,,,,,,,,,,,,,,,,,,,,,,,,,,,,,,,,,,,,,,,,,,,,,,,,,,,,,,,,,,,,,,,,,,,,,,,,,,,,,,,,,,,,,,,,,,,,,,,,,,,,,,,,,,,,,,,,,,,,,,,,,,,,,,,,,,,,,,,,,,,,,,,,,,,,,,,,,,,,,,,,,,,,,,,,,,,,,,,,,,,,,,,,,,,,,,,,,,,,,,,,,,,,,,,,,,,,,,,,,,,,,,,,,,,,,,,,,,,,,,,,,,,,,,,,,,,,,,,,,,,,,,,,,,,,,,,,,,,,,,,,,,,,,,,,,,,,,,,,,,,,,,,,,,,,,,,,,,,,,,,,,,,,,,,,,,,,,,,,,,,,,,,,,,,,,,,,,,,,,,,,,,,,,,,,,,,,,,,,,,,,,,,,,,,,,,,,,,,,,,,,,,,,,,,,,,,,,,,,,,,,,,,,,,,,,,,,,,,,,,,,,,,,,,,,,,,,,,,,,,,,,,,,,,,,,,,,,,,,,,,,,,,,,,,,,,,,,,,,,,,,,,,,,,,,,,,,,,,,,,,,,,,,,,,,,,,,,,,,,,,,,,,,,,,,,,,,,,,,,,,,,,,,,,,,,,,,,,,,,,,,,,,,,,,,,,,,,,,,,,,,,,,,,,,,,,,,,,,,,,,,,,,,,,,,,,,,,,,,,,,,,,,,,,,,,,,,,,,,,,,,,,,,,,,,,,,,,,,,,,,,,,,,,,,,,,,,,,,,,,,,,,,,,,,,,,,,,,,,,,,,,,,,,,,,,,,,,,,,,,,,,,,,,,,,,,,,,,,,,,,,,,,,,,,,,,,,,,,,,,,,,,,,,,,,,,,,,,,,,,,,,,,,,,,,,,,,,,,,,,,,,,,,,,,,,,,,,,,,,,,,,,,,,,,,,,,,,,,,,,,,,,,,,,,,,,,,,,,,,,,,,,,,,,,,,,,,,,,,,,,,,,,,,,,,,,,,,,,,,,,,,,,,,,,,,,,,,,,,,,,,,,,,,,,,,,,,,,,,,,,,,,,,,,,,,,,,,,,,,,,,,,,,,,,,,,,,,,,,,,,,,,,,,,,,,,,,,,,,,,,,,,,,,,,,,,,,,,,,,,,,,,,,,,,,,,,,,,,,,,,,,,,,,,,,,,,,,,
,,,,,,,,,,,,,,,,,,,,,,,,,,,,,,,,,,,,,,,,,,,,,,,,,,,,,,,,,,,,,,,,,,,,,,,,,,,,,,,,,,,,,,,,,,,,,,,,,,,,,,,,,,,,,,,,,,,,,,,,,,,,,,,,,,,,,,,,,,,,,,,,,,,,,,,,,,,,,,,,,,,,,,,,,,,,,,,,,,,,,,,,,,,,,,,,,,,,,,,,,,,,,,,,,,,,,,,,,,,,,,,,,,,,,,,,,,,,,,,,,,,,,,,,,,,,,,,,,,,,,,,,,,,,,,,,,,,,,,,,,,,,,,,,,,,,,,,,,,,,,,,,,,,,,,,,,,,,,,,,,,,,,,,,,,,,,,,,,,,,,,,,,,,,,,,,,,,,,,,,,,,,,,,,,,,,,,,,,,,,,,,,,,,,,,,,,,,,,,,,,,,,,,,,,,,,,,,,,,,,,17876.0,,,,,,,,,,,,,,,,,,,,,,,,,,,,,,,,,,,,,,,,,,,,,,,,,,,,,,,,,,,,,,,,,,,,,,,,,,,,,,,,,,,,,,,,,,,,,,,,,,,,,,,,,,,,,,,,,,,,,,,,,,,,,,,,,,,,,,,,,,,,,,,,,,,,,,,,,,,,,,,,,,,,,,,,,,,,,,,,,,,,,,,,,,,,,,,,,,,,,,,,,,,,,,,,,,,,,,,,,,,,,,,,,,,,,,,,,,,,,,,,,,14103.0,,,,,,,,,,,,,,,,,,,,,,,,,,,,,,,,,,,,,,,,,,,,,,,,,,,,,,,,,,,,,,,,,,,,,,,,,,,,,,,,,,,,,,,,,,,,,,,,,,,,,,,,,,,,,,,,,,,,,,,,,,,,,,,,,,,,,,,,,,,,,,,,,,,,,,,,,,,,,,,,,,,,,,,,,,,,,,,,,,,,,,,,,,,,,,,,,,,,,,,,,,,,,,,,,,,,,,,,,,,,,,,,,,,,,,,,,,,,,,,,,,,,,,,,,,,,,,,,,,,,,,,,,,,,,,,,,,,,,,,,,,,,,,,,,,,,,,,,,,,,,,,,,,,,,,,,,,,,,,,,,,,,,,,,,,,,,,,,,,,,,,,,,,,,,,,,,,,,,,,,,,,,,,,,,,,,,,,,,,,,,,,,,,,,,,,,,,,,,,,,,,,,,,,,,,,,,,,,,,,,,,,,,,,,,,,,,,,,,,,,,,,,,,,,,,,,,,,,,,,,,,,,,,,,,,,,,,,,,,,,,,,,,,,,,,,,,,,,,,,,,,,,,,,,,,,,,,,,,,,,,,,,,,,,,,,,,,,,,,,,,,,,,,,,,,,,,,,,,,,,,,,,,,,,,,,,,,,,,,,,,,,,,,,,,,,,,,,,,,,,,,,,,,,,,,,,,,,,,,,,,,,,,,,,,,,,,,,,,,,,,,,,,,,,,,,,,,,,,,,,,,,,,,,,,,,,,,,,,,,,,,,,,,,,,,,,,,,,,,,,,,,,,,,,,,,,,,,,,,,,,,,,,,,,,,,,,,,,,,,,,,,,,,,,,,,,,,,,,,,,,,,,,,,,,,,,,,,,,,,,,,,,,,,,,,,,,,,,,,,,,,,,,,,,,,,,,,,,,,,,,,,,,,,,,,,,,,,,,,,,,,,,,,,,,,,,,,,,,,,,,,,,,,,,,,,,,,,,,,,,,,,,,,,,,,,,,,,,,,,,,,,,,,,,,,,,,,,,,,,,,,,,,,,,,,,,,,,,,,,,,,,,,,,,,,,,,,,,,,,,,,,,,,,,,,,,,,,,,,,,,,,,,,,,,,,,,,,,,,,,,,,,,,,,,,,,,,,,,,,,,,,,,,,,,,,,,,,,,,,,,,,,,,,,,,,,,,,,,,,,,,,,,,,,,,,,,,,,,,,,,,,,,,,,,,,,,,,,,,,,,,,,,,,,,,,,,,,,,,,,,,,,,,,,,,,,,,,,,,,,,,,,,,,,,,,,,,,,,,,,,,,,,,,,,,,,,,,,,,,,,,,,,,,,,,,,,,,,,,,,,,,,,,,,,,,,,,,,,,,,,,,,,,,,,,,,,,,,,,,,,,,,,,,,,,,,,,,,,,,,,,,,,,,,,,,,,,,,,,,,,,,,,,,,,,,,,,,,,,,,,,,,,,,,,,,,,,,,,,,,,,,,,,,,,,,,,,,,,,,,,,,,,,,,,,,,,,,,,,,,,,,,,,,,,,,,,,,,,,,,,,,,,,,,,,,,,,,,,,,,,,,,,,,,,,,,,,,,,,,,,,,,,,,,,,,,,,,,,,,,,,,,,,,,,,,,,,,,,,,,,,,,,,,,,,,,,,,,,,,,,,,,,,,,,,,,,,,,,,,,,,,,,,,,,,,,,,,,,,,,,,,,,,,,,,,,,,,,,,,,,,,,,,,,,,,,,,,,,,,,,,,,,,,,,,,,,,,,,,,,,,,,,,,,,,,,,,,,,,,,,,,,,,,,,,,,,,,,,,,,,,,,,,,,,,,,,,,,,,,,,,,,,,,,,,,,,,,,,,,,,,,,,,,,,,,,,,,,,,,,,,,,,,,,,,,,,,,,,,,,,,,,,,,,,,,,,,,,,,,,,,,,,,,,,,,,,,,,,,,,,,,,,,,,,,,,,,,,,,,,,,,,,,,,,,,,,,,,,,,,,,,,,,,,,,,,,,,,,,,,,,,,,,,,,,,,,,,,,,,,,,,,,,,,,,,,,,,,,,,,,,,,,,,,,,,,,,,,,,,,,,,,,,,,,,,,,,,,,,,,,,,,,,,,,,,,,,,,,,,,,,,,,,,,,,,,,,,,,,,,,,,,,,,,,,,,,,,,,,,,,,,,,,,,,,,,,,,,,,,,,,,,,,,,,,,,,,,,,,,,,,,,,,,,,,,,,,,,,,,,,,,,,,,,,,,,,,,,,,,,,,,,,,,,,,,,,,,,,,,,,,,,,,,,,,,,,,,,,,,,,,,,,,,,,,,,,,,,,,,,,,,,,,,,,,,,,,,,,,,,,,,,,,,,,,,,,,,,,,,,,,,,,,,,,,,,,,,,,,,,,,,,,,,,,,,,,,,,,,,,,,,,,,,,,,,,,,,,,,,,,,,,,,,,,,,,,,,,,,,,,,,,,,,,,,,,,,,,,,,,,,,,,,,,,,,,,,,,,,,,,,,,,,,,,,,,,,,,,,,,,,,,,,,,,,,,,,,,,,,,,,,,,,,,,,,,,,,,,,,,,,,,,,,,,,,,,,,,,,,,,,,,,,,,,,,,,,,,,,,,,,,,,,,,,,,,,,,,,,,,,,,,,,,,,,,,,,,,,,,,,,,,,,,,,,,,,,,,,,,,,,,,,,,,,,,,,,,,,,,,,,,,,,,,,,,,,,,,,,,,,,,,,,,,,,,,,,,,,,,,,,,,,,,,,,,,,,,,,,,,,,,,,,,,,,,,,,,,,,,,,,,,,,,,,,,,,,,,,,,,,,,,,,,,,,,,,,,,,,,,,,,,,,,,,,,,,,,,,,,,,,,,,,,,,,,,,,,,,,,,,,,,,,,,,,,,,,,,,,,,,,,,,,,,,,,,,,,,,,,,,,,,,,,,,,,,,,,,,,,,,,,,,,,,,,,,,,,,,,,,,,,,,,,,,,,,,,,,,,,,,,,,,,,,,,,,,,,,,,,,,,,,,,,,,,,,,,,,,,,,,,,,,,,,,,,,,,,,,,,,,,,,,,,,,,,,,,,,,,,,,,,,,,,,,,,,,,,,,,,,,,,,,,,,,,,,,,,,,,,,,,,,,,,,,,,,,,,,,,,,,,,,,,,,,,,,,,,,,,,,,,,,,,,,,,,,,,,,,,,,,,,,,,,,,,,,,,,,,,,,,,,,,,,,,,,,,,,,,,,,,,,,,,,,,,,,,,,,,,,,,,,,,,,,,,,,,,,,,,,,,,,,,,,,,,,,,,,,,,,,,,,,,,,,,,,,,,,,,,,,,,,,,,,,,,,,,,,,,,,,,,,,,,,,,,,,,,,,,,,,,,,,,,,,,,,,,,,,,,,,,,,,,,,,,,,,,,,,,,,,,,,,,,,,,,,,,,,,,,,,,,,,,,,,,,,,,,,,,,,,,,,,,,,,,,,,,,,,,,,,,,,,,,,,,,,,,,,,,,,,,,,,,,,,,,,,,,,,,,,,,,,,,,,,,,,,,,,,,,,,,,,,,,,,,,,,,,,,,,,,,,,,,,,,,,,,,,,,,,,,,,,,,,,,,,,,,,,,,,,,,,,,,,,,,,,,,,,,,,,,,,,,,,,,,,,,,,,,,,,,,,,,,,,,,,,,,,,,,,,,,,,,,,,,,,,,,,,,,,,,,,,,,,,,,,,,,,,,,,,,,,,,,,,,,,,,,,,,,,,,,,,,,,,,,,,,,,,,,,,,,,,,,,,,,,,,,,,,,,,,,,,,,,,,,,,,,,,,,,,,,,,,,,,,,,,,,,,,,,,,,,,,,,,,,,,,,,,,,,,,,,,,,,,,,,,,,,,,,,,,,,,,,,,,,,,,,,,,,,,,,,,,,,,,,,,,,,,,,,,,,,,,,,,,,,,,,,,,,,,,,,,,,,,,,,,,,,,,,,,,,,,,,,,,,,,,,,,,,,,,,,,,,,,,,,,,,,,,,,,,,,,,,,,,,,,,,,,,,,,,,,,,,,,,,,,,,,,,,,,,,,,,,,,,,,,,,,,,,,,,,,,,,,,,,,,,,,,,,,,,,,,,,,,,,,,,,,,,,,,,,,,,,,,,,,,,,,,,,,,,,,,,,,,,,,,,,,,,,,,,,,,,,,,,,,,,,,,,,,,,,,,,,,,,,,,,,,,,,,,,,,,,,,,,,,,,,,,,,,,,,,,,,,,,,,,,,,,,,,,,,,,,,,,,,,,,,,,,,,,,,,,,,,,,,,,,,,,,,,,,,,,,,,,,,,,,,,,,,,,,,,,,,,,,,,,,,,,,,,,,,,,,,,,,,,,,,,,,,,,,,,,,,,,,,,,,,,,,,,,,,,,,,,,,,,,,,,,,,,,,,,,,,,,,,,,,,,,,,,,,,,,,,,,,,,,,,,,,,,,,,,,,,,,,,,,,,,,,,,,,,,,,,,,,,,,,,,,,,,,,,,,,,,,,,,,,,,,,,,,,,,,,,,,,,,,,,,,,,,,,,,,,,,,,,,,,,,,,,,,,,,,,,,,,,,,,,,,,,,,,,,,,,,,,,,,,,,,,,,,,,,,,,,,,,,,,,,,,,,,,,,,,,,,,,,,,,,,,,,,,,,,,,,,,,,,,,,,,,,,,,,,,,,,,,,,,,,,,,,,,,,,,,,,,,,,,,,,,,,,,,,,,,,,,,,,,,,,,,,,,,,,,,,,,,,,,,,,,,,,,,,,,,,,,,,,,,,,,,,,,,,,,,,,,,,,,,,,,,,,,,,,,,,,,,,,,,,,,
,,,,,,,,,,,,,,,,,,,,,,,,,,,,,,,,,,,,,,,,,,,,,,,,,,,,,,,,,,,,,,,,,,,,,,,,,,,,,,,,,,,,,,,,,,,,,,,,,,,,,,,,,,,,,,,,,,,,,,,,,,,,,,,,,,,,,,,,,,,,,,,,,,,,,,,,,,,,,,,,,,,,,,,,,,,,,,,,,,,,,,,,,,,,,,,,,,,,,,,,,,,,,,,,,,,,,,,,,,,,,,,,,,,,,,,,,,,,,,,,,,,,,,,,,,,,,,,,,,,,,,,,,,,,,,,,,,,,,,,,,,,,,,,,,,,,,,,,,,,,,,,,,,,,,,,,,,,,,,,,,,,,,,,,,,,,,,,,,,,,,,,,,,,,,,,,,,,,,,,,,,,,,,,,,,,,,,,,,,,,,,,,,,,,,,,,,,,,,,,,,,,,,,,,,,,,,,,,,,,,,17940.0,,,,,,,,,,,,,,,,,,,,,,,,,,,,,,,,,,,,,,,,,,,,,,,,,,,,,,,,,,,,,,,,,,,,,,,,,,,,,,,,,,,,,,,,,,,,,,,,,,,,,,,,,,,,,,,,,,,,,,,,,,,,,,,,,,,,,,,,,,,,,,,,,,,,,,,,,,,,,,,,,,,,,,,,,,,,,,,,,,,,,,,,,,,,,,,,,,,,,,,,,,,,,,,,,,,,,,,,,,,,,,,,,,,,,,,,,,,,,,,,,,14150.0,,,,,,,,,,,,,,,,,,,,,,,,,,,,,,,,,,,,,,,,,,,,,,,,,,,,,,,,,,,,,,,,,,,,,,,,,,,,,,,,,,,,,,,,,,,,,,,,,,,,,,,,,,,,,,,,,,,,,,,,,,,,,,,,,,,,,,,,,,,,,,,,,,,,,,,,,,,,,,,,,,,,,,,,,,,,,,,,,,,,,,,,,,,,,,,,,,,,,,,,,,,,,,,,,,,,,,,,,,,,,,,,,,,,,,,,,,,,,,,,,,,,,,,,,,,,,,,,,,,,,,,,,,,,,,,,,,,,,,,,,,,,,,,,,,,,,,,,,,,,,,,,,,,,,,,,,,,,,,,,,,,,,,,,,,,,,,,,,,,,,,,,,,,,,,,,,,,,,,,,,,,,,,,,,,,,,,,,,,,,,,,,,,,,,,,,,,,,,,,,,,,,,,,,,,,,,,,,,,,,,,,,,,,,,,,,,,,,,,,,,,,,,,,,,,,,,,,,,,,,,,,,,,,,,,,,,,,,,,,,,,,,,,,,,,,,,,,,,,,,,,,,,,,,,,,,,,,,,,,,,,,,,,,,,,,,,,,,,,,,,,,,,,,,,,,,,,,,,,,,,,,,,,,,,,,,,,,,,,,,,,,,,,,,,,,,,,,,,,,,,,,,,,,,,,,,,,,,,,,,,,,,,,,,,,,,,,,,,,,,,,,,,,,,,,,,,,,,,,,,,,,,,,,,,,,,,,,,,,,,,,,,,,,,,,,,,,,,,,,,,,,,,,,,,,,,,,,,,,,,,,,,,,,,,,,,,,,,,,,,,,,,,,,,,,,,,,,,,,,,,,,,,,,,,,,,,,,,,,,,,,,,,,,,,,,,,,,,,,,,,,,,,,,,,,,,,,,,,,,,,,,,,,,,,,,,,,,,,,,,,,,,,,,,,,,,,,,,,,,,,,,,,,,,,,,,,,,,,,,,,,,,,,,,,,,,,,,,,,,,,,,,,,,,,,,,,,,,,,,,,,,,,,,,,,,,,,,,,,,,,,,,,,,,,,,,,,,,,,,,,,,,,,,,,,,,,,,,,,,,,,,,,,,,,,,,,,,,,,,,,,,,,,,,,,,,,,,,,,,,,,,,,,,,,,,,,,,,,,,,,,,,,,,,,,,,,,,,,,,,,,,,,,,,,,,,,,,,,,,,,,,,,,,,,,,,,,,,,,,,,,,,,,,,,,,,,,,,,,,,,,,,,,,,,,,,,,,,,,,,,,,,,,,,,,,,,,,,,,,,,,,,,,,,,,,,,,,,,,,,,,,,,,,,,,,,,,,,,,,,,,,,,,,,,,,,,,,,,,,,,,,,,,,,,,,,,,,,,,,,,,,,,,,,,,,,,,,,,,,,,,,,,,,,,,,,,,,,,,,,,,,,,,,,,,,,,,,,,,,,,,,,,,,,,,,,,,,,,,,,,,,,,,,,,,,,,,,,,,,,,,,,,,,,,,,,,,,,,,,,,,,,,,,,,,,,,,,,,,,,,,,,,,,,,,,,,,,,,,,,,,,,,,,,,,,,,,,,,,,,,,,,,,,,,,,,,,,,,,,,,,,,,,,,,,,,,,,,,,,,,,,,,,,,,,,,,,,,,,,,,,,,,,,,,,,,,,,,,,,,,,,,,,,,,,,,,,,,,,,,,,,,,,,,,,,,,,,,,,,,,,,,,,,,,,,,,,,,,,,,,,,,,,,,,,,,,,,,,,,,,,,,,,,,,,,,,,,,,,,,,,,,,,,,,,,,,,,,,,,,,,,,,,,,,,,,,,,,,,,,,,,,,,,,,,,,,,,,,,,,,,,,,,,,,,,,,,,,,,,,,,,,,,,,,,,,,,,,,,,,,,,,,,,,,,,,,,,,,,,,,,,,,,,,,,,,,,,,,,,,,,,,,,,,,,,,,,,,,,,,,,,,,,,,,,,,,,,,,,,,,,,,,,,,,,,,,,,,,,,,,,,,,,,,,,,,,,,,,,,,,,,,,,,,,,,,,,,,,,,,,,,,,,,,,,,,,,,,,,,,,,,,,,,,,,,,,,,,,,,,,,,,,,,,,,,,,,,,,,,,,,,,,,,,,,,,,,,,,,,,,,,,,,,,,,,,,,,,,,,,,,,,,,,,,,,,,,,,,,,,,,,,,,,,,,,,,,,,,,,,,,,,,,,,,,,,,,,,,,,,,,,,,,,,,,,,,,,,,,,,,,,,,,,,,,,,,,,,,,,,,,,,,,,,,,,,,,,,,,,,,,,,,,,,,,,,,,,,,,,,,,,,,,,,,,,,,,,,,,,,,,,,,,,,,,,,,,,,,,,,,,,,,,,,,,,,,,,,,,,,,,,,,,,,,,,,,,,,,,,,,,,,,,,,,,,,,,,,,,,,,,,,,,,,,,,,,,,,,,,,,,,,,,,,,,,,,,,,,,,,,,,,,,,,,,,,,,,,,,,,,,,,,,,,,,,,,,,,,,,,,,,,,,,,,,,,,,,,,,,,,,,,,,,,,,,,,,,,,,,,,,,,,,,,,,,,,,,,,,,,,,,,,,,,,,,,,,,,,,,,,,,,,,,,,,,,,,,,,,,,,,,,,,,,,,,,,,,,,,,,,,,,,,,,,,,,,,,,,,,,,,,,,,,,,,,,,,,,,,,,,,,,,,,,,,,,,,,,,,,,,,,,,,,,,,,,,,,,,,,,,,,,,,,,,,,,,,,,,,,,,,,,,,,,,,,,,,,,,,,,,,,,,,,,,,,,,,,,,,,,,,,,,,,,,,,,,,,,,,,,,,,,,,,,,,,,,,,,,,,,,,,,,,,,,,,,,,,,,,,,,,,,,,,,,,,,,,,,,,,,,,,,,,,,,,,,,,,,,,,,,,,,,,,,,,,,,,,,,,,,,,,,,,,,,,,,,,,,,,,,,,,,,,,,,,,,,,,,,,,,,,,,,,,,,,,,,,,,,,,,,,,,,,,,,,,,,,,,,,,,,,,,,,,,,,,,,,,,,,,,,,,,,,,,,,,,,,,,,,,,,,,,,,,,,,,,,,,,,,,,,,,,,,,,,,,,,,,,,,,,,,,,,,,,,,,,,,,,,,,,,,,,,,,,,,,,,,,,,,,,,,,,,,,,,,,,,,,,,,,,,,,,,,,,,,,,,,,,,,,,,,,,,,,,,,,,,,,,,,,,,,,,,,,,,,,,,,,,,,,,,,,,,,,,,,,,,,,,,,,,,,,,,,,,,,,,,,,,,,,,,,,,,,,,,,,,,,,,,,,,,,,,,,,,,,,,,,,,,,,,,,,,,,,,,,,,,,,,,,,,,,,,,,,,,,,,,,,,,,,,,,,,,,,,,,,,,,,,,,,,,,,,,,,,,,,,,,,,,,,,,,,,,,,,,,,,,,,,,,,,,,,,,,,,,,,,,,,,,,,,,,,,,,,,,,,,,,,,,,,,,,,,,,,,,,,,,,,,,,,,,,,,,,,,,,,,,,,,,,,,,,,,,,,,,,,,,,,,,,,,,,,,,,,,,,,,,,,,,,,,,,,,,,,,,,,,,,,,,,,,,,,,,,,,,,,,,,,,,,,,,,,,,,,,,,,,,,,,,,,,,,,,,,,,,,,,,,,,,,,,,,,,,,,,,,,,,,,,,,,,,,,,,,,,,,,,,,,,,,,,,,,,,,,,,,,,,,,,,,,,,,,,,,,,,,,,,,,,,,,,,,,,,,,,,,,,,,,,,,,,,,,,,,,,,,,,,,,,,,,,,,,,,,,,,,,,,,,,,,,,,,,,,,,,,,,,,,,,,,,,,,,,,,,,,,,,,,,,,,,,,,,,,,,,,,,,,,,,,,,,,,,,,,,,,,,,,,,,,,,,,,,,,,,,,,,,,,,,,,,,,,,,,,,,,,,,,,,,,,,,,,,,,,,,,,,,,,,,,,,,,,,,,,,,,,,,,,,,,,,,,,,,,,,,,,,,,,,,,,,,,,,,,,,,,,,,,,,,,,,,,,,,,,,,,,,,,,,,,,,,,,,,,,,,,,,,,,,,,,,,,,,,,,,,,,,,,,,,,,,,,,,,,,,,,,,,,,,,,,,,,,,,,,,,,,,,,,,,,,,,,,,,,,,,,,,,,,,,,,,,,,,,,,,,,,,,,,,,,,,,,,,,,,,,,,,,,,,,,,,,,,,,,,,,,,,,,,,,,,,,,,,,,,,,,,,,,,,,,,,,,,,,,,,,,,,,,,,,,,,,,,,,,,,,,,,,,,,,,,,,,,,,,,,,,,,,,,,,,,,,,,,,,,,,,,,,,,,,,,,,,,,,,,,,,,,,,,,,,,,,,,,,,,,,,,,,,,,,,,,,,,,,,,,,,,,,,,,,,,,,,,,,,,,,,,,,,,,,,,,,,,,,,,,,,,,,,,,,,,,,,,,,,,,,,,,,,,,,,,,,,,,,,,,,,,,,,,,,,,,,,,,,,,,,,,,,,,,,,,,,,,,,,,,,,,,,,,,,,,,,,,,,,,,,,,,,,,,,,,,,,,,,,,,,,,,,,,,,,,,,,,,,,,,,,,,,,,,,,,,,,,,,,,,,,,,,,,,,,,,,,,,,,,,,,,,,,,,,,,,,,,,,,,,,,,,,,,,,,,,,,,,,,,,,,,,,,,,,,,,,,,,,,,,,,,,,,,,,,,,,,,,,,,,,,,,,,,,,,,,,,,,,,,,,,,,,,,,,,,,,,,,,,,,,,,,,,,,,,,,,,,,,,,,,,,,,,,,,
,,,,,,,,,,,,,,,,,,,,,,,,,,,,,,,,,,,,,,,,,,,,,,,,,,,,,,,,,,,,,,,,,,,,,,,,,,,,,,,,,,,,,,,,,,,,,,,,,,,,,,,,,,,,,,,,,,,,,,,,,,,,,,,,,,,,,,,,,,,,,,,,,,,,,,,,,,,,,,,,,,,,,,,,,,,,,,,,,,,,,,,,,,,,,,,,,,,,,,,,,,,,,,,,,,,,,,,,,,,,,,,,,,,,,,,,,,,,,,,,,,,,,,,,,,,,,,,,,,,,,,,,,,,,,,,,,,,,,,,,,,,,,,,,,,,,,,,,,,,,,,,,,,,,,,,,,,,,,,,,,,,,,,,,,,,,,,,,,,,,,,,,,,,,,,,,,,,,,,,,,,,,,,,,,,,,,,,,,,,,,,,,,,,,,,,,,,,,,,,,,,,,,,,,,,,,,,,,,,,,,,,,,,,,,,,,,,,,,,,,,,,,,,,,,,,,,,,,,,,,,,,,,,,,,,,,,,,,,,,,,,,,,,,,,,,,,,,,,,,,,,,,,,,,,,,,,,,,,,,,,,,,,,,,,,,,,,,,,,,,,,,,,,,,,,,,,,,,,,,,,,,,,,,,,,,,,,,,,,,,,,,,,,,,,,,,,,,,,,,,,,,,,,,,,,,,,,,,,,,,,,,,,,,,,,,,,,,,,,,,,,,,,,,,,,,,,,,,,,,,,,,15183.0,,,,,,,,,,,,,,,,,,,,,,,,,,,,,,,,,,,,,,,,,,,,,,,,,,,,,,,,,,,,,,,,,,,,,,,,,,,,,,,,,,,,,,,,,,,,,,,,,,,,,,,,,,,,,,,,,,,,,,,,,,,,,,,,,,,,,,,,,,,,,,,,,,,,,,,,,,,,,,,,,,,,,,,,,,,,,,,,,,,,,,,,,,,,,,,,,,,,,,,,,,,,,,,,,,,,,,,,,,,,,,,,,,,,,,,,,,,,,,,,,,,,,,,,,,,,,,,,,,,,,,,,,,,,,,,,,,,,,,,,,,,,,,,,,,,,,,,,,,,,,,,,,,,,,,,,,,,,,,,,,,,,,,,,,,,,,,,,,,,,,,,,,,,,,,,,,,,,,,,,,,,,,,,,,,,,,,,,,,,,,,,,,,,,,,,,,,,,,,,,,,,,,,,,,,,,,,,,,,,,,,,,,,,,,,,,,,,,,,,,,,,,,,,,,,,,,,,,,,,,,,,,,,,,,,,,,,,,,,,,,,,,,,,,,,,,,,,,,,,,,,,,,,,,,,,,,,,,,,,,,,,,,,,,,,,,,,,,,,,,,,,,,,,,,,,,,,,,,,,,,,,,,,,,,,,,,,,,,,,,,,,,,,,,,,,,,,,,,,,,,,,,,,,,,,,,,,,,,,,,,,,,,,,,,,,,,,,,,,,,,,,,,,,,,,,,,,,,,,,,,,,,,,,,,,,,,,,,,,,,,,,,,,,,,,,,,,,,,,,,,,,,,,,,,,,,,,,,,,,,,,,,,,,,,,,,,,,,,,,,,,,,,,,,,,,,,,,,,,,,,,,,,,,,,,,,,,,,,,,,,,,,,,,,,,,,,,,,,,,,,,,,,,,,,,,,,,,,,,,,,,,,,,,,,,,,,,,,,,,,,,,,,,,,,,,,,,,,,,,,,,,,,,,,,,,,,,,,,,,,,,,,,,,,,,,,,,,,,,,,,,,,,,,,,,,,,,,,,,,,,,,,,,,,,,,,,,,,,,,,,,,,,,,,,,,,,,,,,,,,,,,,,,,,,,,,,,,,,,,,,,,,,,,,,,,,,,,,,,,,,,,,,,,,,,,,,,,,,,,,,,,,,,,,,,,,,,,,,,,,,,,,,,,,,,,,,,,,,,,,,,,,,,,,,,,,,,,,,,,,,,,,,,,,,,,,,,,,,,,,,,,,,,,,,,,,,,,,,,,,,,,,,,,,,,,,,,,,,,,,,,,,,,,,,,,,,,,,,,,,,,,,,,,,,,,,,,,,,,,,,,,,,,,,,,,,,,,,,,,,,,,,,,,,,,,,,,,,,,,,,,,,,,,,,,,,,,,,,,,,,,,,,,,,,,,,,,,,,,,,,,,,,,,,,,,,,,,,,,,,,,,,,,,,,,,,,,,,,,,,,,,,,,,,,,,,,,,,,,,,,,,,,,,,,,,,,,,,,,,,,,,,,,,,,,,,,,,,,,,,,,,,,,,,,,,,,,,,,,,,,,,,,,,,,,,,,,,,,,,,,,,,,,,,,,,,,,,,,,,,,,,,,,,,,,,,,,,,,,,,,,,,,,,,,,,,,,,,,,,,,,,,,,,,,,,,,,,,,,,,,,,,,,,,,,,,,,,,,,,,,,,,,,,,,,,,,,,,,,,,,,,,,,,,,,,,,,,,,,,,,,,,,,,,,,,,,,,,,,,,,,,,,,,,,,,,,,,,,,,,,,,,,,,,,,,,,,,,,,,,,,,,,,,,,,,,,,,,,,,,,,,,,,,,,,,,,,,,,,,,,,,,,,,,,,,,,,,,,,,,,,,,,,,,,,,,,,,,,,,,,,,,,,,,,,,,,,,,,,,,,,,,,,,,,,,,,,,,,,,,,,,,,,,,,,,,,,,,,,,,,,,,,,,,,,,,,,,,,,,,,,,,,,,,,,,,,,,,,,,,,,,,,,,,,,,,,,,,,,,,,,,,,,,,,,,,,,,,,,,,,,,,,,,,,,,,,,,,,,,,,,,,,,,,,,,,,,,,,,,,,,,,,,,,,,,,,,,,,,,,,,,,,,,,,,,,,,,,,,,,,,,,,,,,,,,,,,,,,,,,,,,,,,,,,,,,,,,,,,,,,,,,,,,,,,,,,,,,,,,,,,,,,,,,,,,,,,,,,,,,,,,,,,,,,,,,,,,,,,,,,,,,,,,,,,,,,,,,,,,,,,,,,,,,,,,,,,,,,,,,,,,,,,,,,,,,,,,,,,,,,,,,,,,,,,,,,,,,,,,,,,,,,,,,,,,,,,,,,,,,,,,,,,,,,,,,,,,,,,,,,,,,,,,,,,,,,,,,,,,,,,,,,,,,,,,,,,,,,,,,,,,,,,,,,,,,,,,,,,,,,,,,,,,,,,,,,,,,,,,,,,,,,,,,,,,,,,,,,,,,,,,,,,,,,,,,,,,,,,,,,,,,,,,,,,,,,,,,,,,,,,,,,,,,,,,,,,,,,,,,,,,,,,,,,,,,,,,,,,,,,,,,,,,,,,,,,,,,,,,,,,,,,,,,,,,,,,,,,,,,,,,,,,,,,,,,,,,,,,,,,,,,,,,,,,,,,,,,,,,,,,,,,,,,,,,,,,,,,,,,,,,,,,,,,,,,,,,,,,,,,,,,,,,,,,,,,,,,,,,,,,,,,,,,,,,,,,,,,,,,,,,,,,,,,,,,,,,,,,,,,,,,,,,,,,,,,,,,,,,,,,,,,,,,,,,,,,,,,,,,,,,,,,,,,,,,,,,,,,,,,,,,,,,,,,,,,,,,,,,,,,,,,,,,,,,,,,,,,,,,,,,,,,,,,,,,,,,,,,,,,,,,,,,,,,,,,,,,,,,,,,,,,,,,,,,,,,,,,,,,,,,,,,,,,,,,,,,,,,,,,,,,,,,,,,,,,,,,,,,,,,,,,,,,,,,,,,,,,,,,,,,,,,,,,,,,,,,,,,,,,,,,,,,,,,,,,,,,,,,,,,,,,,,,,,,,,,,,,,,,,,,,,,,,,,,,,,,,,,,,,,,,,,,,,,,,,,,,,,,,,,,,,,,,,,,,,,,,,,,,,,,,,,,,,,,,,,,,,,,,,,,,,,,,,,,,,,,,,,,,,,,,,,,,,,,,,,,,,,,,,,,,,,,,,,,,,,,,,,,,,,,,,,,,,,,,,,,,,,,,,,,,,,,,,,,,,,,,,,,,,,,,,,,,,,,,,,,,,,,,,,,,,,,,,,,,,,,,,,,,,,,,,,,,,,,,,,,,,,,,,,,,,,,,,,,,,,,,,,,,,,,,,,,,,,,,,,,,,,,,,,,,,,,,,,,,,,,,,,,,,,,,,,,,,,,,,,,,,,,,,,,,,,,,,,,,,,,,,,,,,,,,,,,,,,,,,,,,,,,,,,,,,,,,,,,,,,,,,,,,,,,,,,,,,,,,,,,,,,,,,,,,,,,,,,,,,,,,,,,,,,,,,,,,,,,,,,,,,,,,,,,,,,,,,,,,,,,,,,,,,,,,,,,,,,,,,,,,,,,,,,,,,,,,,,,,,,,,,,,,,,,,,,,,,,,,,,,,,,,,,,,,,,,,,,,,,,,,,,,,,,,,,,,,,,,,,,,,,,,,,,,,,,,,,,,,,,,,,,,,,,,,,,,,,,,,,,,,,,,,,,,,,,,,,,,,,,,,,,,,,,,,,,,,,,,,,,,,,,,,,,,,,,,,,,,,,,,,,,,,,,,,,,,,,,,,,,,,,,,,,,,,,,,,,,,,,,,,,,,,,,,,,,,,,,,,,,,,,,,,,,,,,,,,,,,,,,,,,,,,,,,,,,,,,,,,,,,,,,,,,,,,,,,,,,,,,,,,,,,,,,,,,,,,,,,,,,,,,,,,,,,,,,,,,,,,,,,,,,,,,,,,,,,,,,,,,,,,,,,,,,,,,,,,,,,,,,,,,,,,,,,,,,,,,,,,,,,,,,,,,,,,,,,,,,,,,,,,,,,,,,,,,,,,,,,,,,,,,,,,,,,,,,,,,,,,,,,,,,,,,,,,,,,,,,,,,,,,,,,,,,,,,,,,,,,,,,,,,,,,,,,,,,,,,,,,,,,,,,,,,,,,,,,,,,,,,,,,,,,,,,,,,,,,,,,,,,,,,,,,,,,,,,,,,,,,,,,,,,,,,,,,,,,,,,,,,,,,,,,,,,,,,,,,,,,,,,,,,,,,,,,,,,,,,,,,,,,,,,,,,,,,,,,,,,,,,,,,,,,,,,,,,,,,,,,,,,,,,,,,,,,,,,,,,,,,,,,,,,,,,,,,,,,,,,,,,,,,,,,,,,,,,,,,,,,,,,,,,,,,,,,,,,,,,,,,,,,,,,,,,,,,,,,,,,,,,,,,,,,,,,,,,,,,,,,,,,,,,,,,,,,,,,,,,,,,,,,,,,,,,,,,,,,,,,,,,,,,,,,,,,,,,,,,,,,,,,,,,,,,,,,,,,,,,,,,,,,,,,,,,,,,,,,,,,,,,,,,,,,,,,,,,,,,,,,,,,,,,,,,,,,,,,,,,,,,,,,,,,,,,,,,,,,,,,,,,,,,,,,,,,,,,,,,,,,,,,,,,,,,,,,,,,,,,,,,,,,,,,,,,,,,,,,,,,,,,,,,,,,,,,,,,,,,,,,,,,,,,,,,,,,,,,,,,,,,,,,,,,,,,,,,,,,,,,,,,,,,,,,,,,,,,,,,,,,,,,,,
,,,,,,,,,,,,,,,,,,,,,,,,,,,,,,,,,,,,,,,,,,,,,,,,,,,,,,,,,,,,,,,,,,,,,,,,,,,,,,,,,,,,,,,,,,,,,,,,,,,,,,,,,,,,,,,,,,,,,,,,,,,,,,,,,,,,,,,,,,,,,,,,,,,,,,,,,,,,,,,,,,,,,,,,,,,,,,,,,,,,,,,,,,,,,,,,,,,,,,,,,,,,,,,,,,,,,,,,,,,,,,,,,,,,,,,,,,,,,,,,,,,,,,,,,,,,,,,,,,,,,,,,,,,,,,,,,,,,,,,,,,,,,,,,,,,,,,,,,,,,,,,,,,,,,,,,,,,,,,,,,,,,,,,,,,,,,,,,,,,,,,,,,,,,,,,,,,,,,,,,,,,,,,,,,,,,,,,,,,,,,,,,,,,,,,,,,,,,,,,,,,,,,,,,,,,,,,,,,,,,,,,,,,,,,,,,,,,,,,,,,,,,,,,,,,,,,,,,,,,,,,,,,,,,,,,,,,,,,,,,,,,,,,,,,,,,,,,,,,,,,,,,,,,,,,,,,,,,,,,,,,,,,,,,,,,,,,,,,,,,,,,,,,,,,,,,,,,,,,,,,,,,,,,,,,,,,,,,,,,,,,,,,,,,,,,,,,,,,,,,,,,,,,,,,,,,,,,,,,,,,,,,,,,,,,,,,,,,,,,,,,,,,,,,,,,,,,,,,,,,,,,15259.0,,,,,,,,,,,,,,,,,,,,,,,,,,,,,,,,,,,,,,,,,,,,,,,,,,,,,,,,,,,,,,,,,,,,,,,,,,,,,,,,,,,,,,,,,,,,,,,,,,,,,,,,,,,,,,,,,,,,,,,,,,,,,,,,,,,,,,,,,,,,,,,,,,,,,,,,,,,,,,,,,,,,,,,,,,,,,,,,,,,,,,,,,,,,,,,,,,,,,,,,,,,,,,,,,,,,,,,,,,,,,,,,,,,,,,,,,,,,,,,,,,,,,,,,,,,,,,,,,,,,,,,,,,,,,,,,,,,,,,,,,,,,,,,,,,,,,,,,,,,,,,,,,,,,,,,,,,,,,,,,,,,,,,,,,,,,,,,,,,,,,,,,,,,,,,,,,,,,,,,,,,,,,,,,,,,,,,,,,,,,,,,,,,,,,,,,,,,,,,,,,,,,,,,,,,,,,,,,,,,,,,,,,,,,,,,,,,,,,,,,,,,,,,,,,,,,,,,,,,,,,,,,,,,,,,,,,,,,,,,,,,,,,,,,,,,,,,,,,,,,,,,,,,,,,,,,,,,,,,,,,,,,,,,,,,,,,,,,,,,,,,,,,,,,,,,,,,,,,,,,,,,,,,,,,,,,,,,,,,,,,,,,,,,,,,,,,,,,,,,,,,,,,,,,,,,,,,,,,,,,,,,,,,,,,,,,,,,,,,,,,,,,,,,,,,,,,,,,,,,,,,,,,,,,,,,,,,,,,,,,,,,,,,,,,,,,,,,,,,,,,,,,,,,,,,,,,,,,,,,,,,,,,,,,,,,,,,,,,,,,,,,,,,,,,,,,,,,,,,,,,,,,,,,,,,,,,,,,,,,,,,,,,,,,,,,,,,,,,,,,,,,,,,,,,,,,,,,,,,,,,,,,,,,,,,,,,,,,,,,,,,,,,,,,,,,,,,,,,,,,,,,,,,,,,,,,,,,,,,,,,,,,,,,,,,,,,,,,,,,,,,,,,,,,,,,,,,,,,,,,,,,,,,,,,,,,,,,,,,,,,,,,,,,,,,,,,,,,,,,,,,,,,,,,,,,,,,,,,,,,,,,,,,,,,,,,,,,,,,,,,,,,,,,,,,,,,,,,,,,,,,,,,,,,,,,,,,,,,,,,,,,,,,,,,,,,,,,,,,,,,,,,,,,,,,,,,,,,,,,,,,,,,,,,,,,,,,,,,,,,,,,,,,,,,,,,,,,,,,,,,,,,,,,,,,,,,,,,,,,,,,,,,,,,,,,,,,,,,,,,,,,,,,,,,,,,,,,,,,,,,,,,,,,,,,,,,,,,,,,,,,,,,,,,,,,,,,,,,,,,,,,,,,,,,,,,,,,,,,,,,,,,,,,,,,,,,,,,,,,,,,,,,,,,,,,,,,,,,,,,,,,,,,,,,,,,,,,,,,,,,,,,,,,,,,,,,,,,,,,,,,,,,,,,,,,,,,,,,,,,,,,,,,,,,,,,,,,,,,,,,,,,,,,,,,,,,,,,,,,,,,,,,,,,,,,,,,,,,,,,,,,,,,,,,,,,,,,,,,,,,,,,,,,,,,,,,,,,,,,,,,,,,,,,,,,,,,,,,,,,,,,,,,,,,,,,,,,,,,,,,,,,,,,,,,,,,,,,,,,,,,,,,,,,,,,,,,,,,,,,,,,,,,,,,,,,,,,,,,,,,,,,,,,,,,,,,,,,,,,,,,,,,,,,,,,,,,,,,,,,,,,,,,,,,,,,,,,,,,,,,,,,,,,,,,,,,,,,,,,,,,,,,,,,,,,,,,,,,,,,,,,,,,,,,,,,,,,,,,,,,,,,,,,,,,,,,,,,,,,,,,,,,,,,,,,,,,,,,,,,,,,,,,,,,,,,,,,,,,,,,,,,,,,,,,,,,,,,,,,,,,,,,,,,,,,,,,,,,,,,,,,,,,,,,,,,,,,,,,,,,,,,,,,,,,,,,,,,,,,,,,,,,,,,,,,,,,,,,,,,,,,,,,,,,,,,,,,,,,,,,,,,,,,,,,,,,,,,,,,,,,,,,,,,,,,,,,,,,,,,,,,,,,,,,,,,,,,,,,,,,,,,,,,,,,,,,,,,,,,,,,,,,,,,,,,,,,,,,,,,,,,,,,,,,,,,,,,,,,,,,,,,,,,,,,,,,,,,,,,,,,,,,,,,,,,,,,,,,,,,,,,,,,,,,,,,,,,,,,,,,,,,,,,,,,,,,,,,,,,,,,,,,,,,,,,,,,,,,,,,,,,,,,,,,,,,,,,,,,,,,,,,,,,,,,,,,,,,,,,,,,,,,,,,,,,,,,,,,,,,,,,,,,,,,,,,,,,,,,,,,,,,,,,,,,,,,,,,,,,,,,,,,,,,,,,,,,,,,,,,,,,,,,,,,,,,,,,,,,,,,,,,,,,,,,,,,,,,,,,,,,,,,,,,,,,,,,,,,,,,,,,,,,,,,,,,,,,,,,,,,,,,,,,,,,,,,,,,,,,,,,,,,,,,,,,,,,,,,,,,,,,,,,,,,,,,,,,,,,,,,,,,,,,,,,,,,,,,,,,,,,,,,,,,,,,,,,,,,,,,,,,,,,,,,,,,,,,,,,,,,,,,,,,,,,,,,,,,,,,,,,,,,,,,,,,,,,,,,,,,,,,,,,,,,,,,,,,,,,,,,,,,,,,,,,,,,,,,,,,,,,,,,,,,,,,,,,,,,,,,,,,,,,,,,,,,,,,,,,,,,,,,,,,,,,,,,,,,,,,,,,,,,,,,,,,,,,,,,,,,,,,,,,,,,,,,,,,,,,,,,,,,,,,,,,,,,,,,,,,,,,,,,,,,,,,,,,,,,,,,,,,,,,,,,,,,,,,,,,,,,,,,,,,,,,,,,,,,,,,,,,,,,,,,,,,,,,,,,,,,,,,,,,,,,,,,,,,,,,,,,,,,,,,,,,,,,,,,,,,,,,,,,,,,,,,,,,,,,,,,,,,,,,,,,,,,,,,,,,,,,,,,,,,,,,,,,,,,,,,,,,,,,,,,,,,,,,,,,,,,,,,,,,,,,,,,,,,,,,,,,,,,,,,,,,,,,,,,,,,,,,,,,,,,,,,,,,,,,,,,,,,,,,,,,,,,,,,,,,,,,,,,,,,,,,,,,,,,,,,,,,,,,,,,,,,,,,,,,,,,,,,,,,,,,,,,,,,,,,,,,,,,,,,,,,,,,,,,,,,,,,,,,,,,,,,,,,,,,,,,,,,,,,,,,,,,,,,,,,,,,,,,,,,,,,,,,,,,,,,,,,,,,,,,,,,,,,,,,,,,,,,,,,,,,,,,,,,,,,,,,,,,,,,,,,,,,,,,,,,,,,,,,,,,,,,,,,,,,,,,,,,,,,,,,,,,,,,,,,,,,,,,,,,,,,,,,,,,,,,,,,,,,,,,,,,,,,,,,,,,,,,,,,,,,,,,,,,,,,,,,,,,,,,,,,,,,,,,,,,,,,,,,,,,,,,,,,,,,,,,,,,,,,,,,,,,,,,,,,,,,,,,,,,,,,,,,,,,,,,,,,,,,,,,,,,,,,,,,,,,,,,,,,,,,,,,,,,,,,,,,,,,,,,,,,,,,,,,,,,,,,,,,,,,,,,,,,,,,,,,,,,,,,,,,,,,,,,,,,,,,,,,,,,,,,,,,,,,,,,,,,,,,,,,,,,,,,,,,,,,,,,,,,,,,,,,,,,,,,,,,,,,,,,,,,,,,,,,,,,,,,,,,,,,,,,,,,,,,,,,,,,,,,,,,,,,,,,,,,,,,,,,,,,,,,,,,,,,,,,,,,,,,,,,,,,,,,,,,,,,,,,,,,,,,,,,,,,,,,,,,,,,,,,,,,,,,,,,,,,,,,,,,,,,,,,,,,,,,,,,,,,,,,,,,,,,,,,,,,,,,,,,,,,,,,,,,,,,,,,,,,,,,,,,,,,,,,,,,,,,,,,,,,,,,,,,,,,,,,,,,,,,,,,,,,,,,,,,,,,,,,,,,,,,,,,,,,,,,,,,,,,,,,,,,,,,,,,,,,,,,,,,,,,,,,,,,,,,,,,,,,,,,,,,,,,,,,,,,,,,,,,,,,,,,,,,,,,,,,,,,,,,,,,,,,,,,,,,,,,,,,,,,,,,,,,,,,,,,,,,,,,,,,,,,,,,,,,,,,,,,,,,,,,,,,,,,,,,,,,,,,,,,,,,,,,,,,,,,,,,,,,,,,,,,,,,,,,,,,,,,,,,,,,,,,,,,,,,,,,,,,,,,,,,,,,,,,,,,,,,,,,,,,,,,,,,,,,,,,,,,,,,,,,,,,,,,,,,,,,,,,,,,,,,,,,,,,,,,,,,,,,,,,,,,,,,,,,,,,,,,,,,,,,,,,,,,,,,,,,,,,,,,,,,,,,,,,,,,,,,,,,,,,,,,,,,,,,,,,,,,,,,,,,,,,,,,,,,,,,,,,,,,,,,,,,,,,,,,,,,,,,,,,,,,,,,,,,,,,,,,,,,,,,,,,,,,,,,,,,,,,,,,,,,,,,,,,,,,,,,,,,,,,,,,,,,,,,,,,,,,,,,,,,,,,,,,,,,,,,,,,,,,,,,,,,,,,,,,,,,,,,,,,,,,,,,,,,,,,,,,,,,,,,,,,,,,,,,,,,,,,,,,,,,,,,,,,,,,,,,,,,,,,,,,,,,,,,,,,,,,,,,,,,,,,,,,,,,,,,,,,,,,,,,,,,,,,,,
,,,,,,,,,,,,,,,,,,,,,,,,,,,,,,,,,,,,,,,,,,,,,,,,,,,,,,,,,,,,,,,,,,,,,,,,,,,,,,,,,,,,,,,,,,,,,,,,,,,,,,,,,,,,,,,,,,,,,,,,,,,,,,,,,,,,,,,,,,,,,,,,,,,,,,,,,,,,,,,,,,,,,,,,,,,,,,,,,,,,,,,,,,,,,,,,,,,,,,,,,,,,,,,,,,,,,,,,,,,,,,,,,,,,,,,,,,,,,,,,,,,,,,,,,,,,,,,,,,,,,,,,,,,,,,,,,,,,,,,,,,,,,,,,,,,,,,,,,,,,,,,,,,,,,,,,,,,,,,,,,,,,,,,,,,,,,,,,,,,,,,,,,,,,,,,,,,,,,,,,,,,,,,,,,,,,,,,,,,,,,,,,,,,,,,,,,,,,,,,,,,,,,,,,,,,,,,,,,,,,,,,,,,,,,,,,,,,,,,,,,,,,,,,,,,,,,,,,,,,,,,,,,,,,,,,,,,,,,,,,,,,,,,,,,,,,,,,,,,,,,,,,,,,,,,,,,,,,,,,,,,,,,,,,,,,,,,,,,,,,,,,,,,,,,,,,,,,,,,,,,,,,,,,,,,,,,,,,,,,,,,,,,,,,,,,,,,,,,,,,,,,,,,,,,,,,,,,,,,,,,,,,,,,,,,,,,,,,,,,,,,,,,,,,,,,,,,,,,,,,,,,15297.0,,,,,,,,,,,,,,,,,,,,,,,,,,,,,,,,,,,,,,,,,,,,,,,,,,,,,,,,,,,,,,,,,,,,,,,,,,,,,,,,,,,,,,,,,,,,,,,,,,,,,,,,,,,,,,,,,,,,,,,,,,,,,,,,,,,,,,,,,,,,,,,,,,,,,,,,,,,,,,,,,,,,,,,,,,,,,,,,,,,,,,,,,,,,,,,,,,,,,,,,,,,,,,,,,,,,,,,,,,,,,,,,,,,,,,,,,,,,,,,,,,,,,,,,,,,,,,,,,,,,,,,,,,,,,,,,,,,,,,,,,,,,,,,,,,,,,,,,,,,,,,,,,,,,,,,,,,,,,,,,,,,,,,,,,,,,,,,,,,,,,,,,,,,,,,,,,,,,,,,,,,,,,,,,,,,,,,,,,,,,,,,,,,,,,,,,,,,,,,,,,,,,,,,,,,,,,,,,,,,,,,,,,,,,,,,,,,,,,,,,,,,,,,,,,,,,,,,,,,,,,,,,,,,,,,,,,,,,,,,,,,,,,,,,,,,,,,,,,,,,,,,,,,,,,,,,,,,,,,,,,,,,,,,,,,,,,,,,,,,,,,,,,,,,,,,,,,,,,,,,,,,,,,,,,,,,,,,,,,,,,,,,,,,,,,,,,,,,,,,,,,,,,,,,,,,,,,,,,,,,,,,,,,,,,,,,,,,,,,,,,,,,,,,,,,,,,,,,,,,,,,,,,,,,,,,,,,,,,,,,,,,,,,,,,,,,,,,,,,,,,,,,,,,,,,,,,,,,,,,,,,,,,,,,,,,,,,,,,,,,,,,,,,,,,,,,,,,,,,,,,,,,,,,,,,,,,,,,,,,,,,,,,,,,,,,,,,,,,,,,,,,,,,,,,,,,,,,,,,,,,,,,,,,,,,,,,,,,,,,,,,,,,,,,,,,,,,,,,,,,,,,,,,,,,,,,,,,,,,,,,,,,,,,,,,,,,,,,,,,,,,,,,,,,,,,,,,,,,,,,,,,,,,,,,,,,,,,,,,,,,,,,,,,,,,,,,,,,,,,,,,,,,,,,,,,,,,,,,,,,,,,,,,,,,,,,,,,,,,,,,,,,,,,,,,,,,,,,,,,,,,,,,,,,,,,,,,,,,,,,,,,,,,,,,,,,,,,,,,,,,,,,,,,,,,,,,,,,,,,,,,,,,,,,,,,,,,,,,,,,,,,,,,,,,,,,,,,,,,,,,,,,,,,,,,,,,,,,,,,,,,,,,,,,,,,,,,,,,,,,,,,,,,,,,,,,,,,,,,,,,,,,,,,,,,,,,,,,,,,,,,,,,,,,,,,,,,,,,,,,,,,,,,,,,,,,,,,,,,,,,,,,,,,,,,,,,,,,,,,,,,,,,,,,,,,,,,,,,,,,,,,,,,,,,,,,,,,,,,,,,,,,,,,,,,,,,,,,,,,,,,,,,,,,,,,,,,,,,,,,,,,,,,,,,,,,,,,,,,,,,,,,,,,,,,,,,,,,,,,,,,,,,,,,,,,,,,,,,,,,,,,,,,,,,,,,,,,,,,,,,,,,,,,,,,,,,,,,,,,,,,,,,,,,,,,,,,,,,,,,,,,,,,,,,,,,,,,,,,,,,,,,,,,,,,,,,,,,,,,,,,,,,,,,,,,,,,,,,,,,,,,,,,,,,,,,,,,,,,,,,,,,,,,,,,,,,,,,,,,,,,,,,,,,,,,,,,,,,,,,,,,,,,,,,,,,,,,,,,,,,,,,,,,,,,,,,,,,,,,,,,,,,,,,,,,,,,,,,,,,,,,,,,,,,,,,,,,,,,,,,,,,,,,,,,,,,,,,,,,,,,,,,,,,,,,,,,,,,,,,,,,,,,,,,,,,,,,,,,,,,,,,,,,,,,,,,,,,,,,,,,,,,,,,,,,,,,,,,,,,,,,,,,,,,,,,,,,,,,,,,,,,,,,,,,,,,,,,,,,,,,,,,,,,,,,,,,,,,,,,,,,,,,,,,,,,,,,,,,,,,,,,,,,,,,,,,,,,,,,,,,,,,,,,,,,,,,,,,,,,,,,,,,,,,,,,,,,,,,,,,,,,,,,,,,,,,,,,,,,,,,,,,,,,,,,,,,,,,,,,,,,,,,,,,,,,,,,,,,,,,,,,,,,,,,,,,,,,,,,,,,,,,,,,,,,,,,,,,,,,,,,,,,,,,,,,,,,,,,,,,,,,,,,,,,,,,,,,,,,,,,,,,,,,,,,,,,,,,,,,,,,,,,,,,,,,,,,,,,,,,,,,,,,,,,,,,,,,,,,,,,,,,,,,,,,,,,,,,,,,,,,,,,,,,,,,,,,,,,,,,,,,,,,,,,,,,,,,,,,,,,,,,,,,,,,,,,,,,,,,,,,,,,,,,,,,,,,,,,,,,,,,,,,,,,,,,,,,,,,,,,,,,,,,,,,,,,,,,,,,,,,,,,,,,,,,,,,,,,,,,,,,,,,,,,,,,,,,,,,,,,,,,,,,,,,,,,,,,,,,,,,,,,,,,,,,,,,,,,,,,,,,,,,,,,,,,,,,,,,,,,,,,,,,,,,,,,,,,,,,,,,,,,,,,,,,,,,,,,,,,,,,,,,,,,,,,,,,,,,,,,,,,,,,,,,,,,,,,,,,,,,,,,,,,,,,,,,,,,,,,,,,,,,,,,,,,,,,,,,,,,,,,,,,,,,,,,,,,,,,,,,,,,,,,,,,,,,,,,,,,,,,,,,,,,,,,,,,,,,,,,,,,,,,,,,,,,,,,,,,,,,,,,,,,,,,,,,,,,,,,,,,,,,,,,,,,,,,,,,,,,,,,,,,,,,,,,,,,,,,,,,,,,,,,,,,,,,,,,,,,,,,,,,,,,,,,,,,,,,,,,,,,,,,,,,,,,,,,,,,,,,,,,,,,,,,,,,,,,,,,,,,,,,,,,,,,,,,,,,,,,,,,,,,,,,,,,,,,,,,,,,,,,,,,,,,,,,,,,,,,,,,,,,,,,,,,,,,,,,,,,,,,,,,,,,,,,,,,,,,,,,,,,,,,,,,,,,,,,,,,,,,,,,,,,,,,,,,,,,,,,,,,,,,,,,,,,,,,,,,,,,,,,,,,,,,,,,,,,,,,,,,,,,,,,,,,,,,,,,,,,,,,,,,,,,,,,,,,,,,,,,,,,,,,,,,,,,,,,,,,,,,,,,,,,,,,,,,,,,,,,,,,,,,,,,,,,,,,,,,,,,,,,,,,,,,,,,,,,,,,,,,,,,,,,,,,,,,,,,,,,,,,,,,,,,,,,,,,,,,,,,,,,,,,,,,,,,,,,,,,,,,,,,,,,,,,,,,,,,,,,,,,,,,,,,,,,,,,,,,,,,,,,,,,,,,,,,,,,,,,,,,,,,,,,,,,,,,,,,,,,,,,,,,,,,,,,,,,,,,,,,,,,,,,,,,,,,,,,,,,,,,,,,,,,,,,,,,,,,,,,,,,,,,,,,,,,,,,,,,,,,,,,,,,,,,,,,,,,,,,,,,,,,,,,,,,,,,,,,,,,,,,,,,,,,,,,,,,,,,,,,,,,,,,,,,,,,,,,,,,,,,,,,,,,,,,,,,,,,,,,,,,,,,,,,,,,,,,,,,,,,,,,,,,,,,,,,,,,,,,,,,,,,,,,,,,,,,,,,,,,,,,,,,,,,,,,,,,,,,,,,,,,,,,,,,,,,,,,,,,,,,,,,,,,,,,,,,,,,,,,,,,,,,,,,,,,,,,,,,,,,,,,,,,,,,,,,,,,,,,,,,,,,,,,,,,,,,,,,,,,,,,,,,,,,,,,,,,,,,,,,,,,,,,,,,,,,,,,,,,,,,,,,,,,,,,,,,,,,,,,,,,,,,,,,,,,,,,,,,,,,,,,,,,,,,,,,,,,,,,,,,,,,,,,,,,,,,,,,,,,,,,,,,,,,,,,,,,,,,,,,,,,,,,,,,,,,,,,,,,,,,,,,,,,,,,,,,,,,,,,,,,,,,,,,,,,,,,,,,,,,,,,,,,,,,,,,,,,,,,,,,,,,,,,,,,,,,,,,,,,,,,,,,,,,,,,,,,,,,,,,,,,,,,,,,,,,,,,,,,,,,,,,,,,,,,,,,,,,,,,,,,,,,,,,,,,,,,,,,,,,,,,,,,,,,,,,,,,,,,,,,,,,,,,,,,,,,,,,,,,,,,,,,,,,,,,,,,,,,,,,,,,,,,,,,,,,,,,,,,,,,,,,,,,,,,,,,,,,,,,,,,,,,,,,,,,,,,,,,,,,,,,,,,,,,,,,,,,,,,,,,,,,,,,,,,,,,,,,,,,,,,,,,,,,,,,,,,,,,,,,,,,,,,,,,,,,,,,,,,,,,,,,,,,,,,,,,,,,,,,,,,,,,,,,,,,,,,,,,,,,,,,,,,,,,,,,,,,,,,,,,,,,,,,,,,,,,,,,,,,,,,,,,,,,,,,,,,,,,,,,,,,,,,,,,,,,,,,,,,,,,,,,,,,,,,,,,,,,,,,,,,,,,,,,,,,,,,,,,,,,,,,,,,,,,,,,,,,,,,,,,,,,,,,,,,,,,,,,,,,,,,,,,,,,,,,,,,,,,,,,,,,,,,,,,,,,,,,,,,,,,,,,,,,,,,,,,,,,,,,,,,,,,,,,,,,,,,,,,,,,,,,,,,,,,,,,,,,,,,,,,,,,,,,,,,,,,,,,,,,,,,,,,,,,,,,,,
,,,,,,,,,,,,,,,,,,,,,,,,,,,,,,,,,,,,,,,,,,,,,,,,,,,,,,,,,,,,,,,,,,,,,,,,,,,,,,,,,,,,,,,,,,,,,,,,,,,,,,,,,,,,,,,,,,,,,,,,,,,,,,,,,,,,,,,,,,,,,,,,,,,,,,,,,,,,,,,,,,,,,,,,,,,,,,,,,,,,,,,,,,,,,,,,,,,,,,,,,,,,,,,,,,,,,,,,,,,,,,,,,,,,,,,,,,,,,,,,,,,,,,,,,,,,,,,,,,,,,,,,,,,,,,,,,,,,,,,,,,,,,,,,,,,,,,,,,,,,,,,,,,,,,,,,,,,,,,,,,,,,,,,,,,,,,,,,,,,,,,,,,,,,,,,,,,,,,,,,,,,,,,,,,,,,,,,,,,,,,,,,,,,,,,,,,,,,,,,,,,,,,,,,,,,,,,,,,,,,,,,,,,,,,,,,,,,,,,,,,,,,,,,,,,,,,,,,,,,,,,,,,,,,,,,,,,,,,,,,,,,,,,,,,,,,,,,,,,,,,,,,,,,,,,,,,,,,,,,,,,,,,,,,,,,,,,,,,,,,,,,,,,,,,,,,,,,,,,,,,,,,,,,,,,,,,,,,,,,,,,,,,,,,,,,,,,,,,,,,,,,,,,,,,,,,,,,,,,,,,,,,,,,,,,,,,,,,,,,,,,,,,,,,,,,,,,,,,,,,,,,15393.0,,,,,,,,,,,,,,,,,,,,,,,,,,,,,,,,,,,,,,,,,,,,,,,,,,,,,,,,,,,,,,,,,,,,,,,,,,,,,,,,,,,,,,,,,,,,,,,,,,,,,,,,,,,,,,,,,,,,,,,,,,,,,,,,,,,,,,,,,,,,,,,,,,,,,,,,,,,,,,,,,,,,,,,,,,,,,,,,,,,,,,,,,,,,,,,,,,,,,,,,,,,,,,,,,,,,,,,,,,,,,,,,,,,,,,,,,,,,,,,,,,,,,,,,,,,,,,,,,,,,,,,,,,,,,,,,,,,,,,,,,,,,,,,,,,,,,,,,,,,,,,,,,,,,,,,,,,,,,,,,,,,,,,,,,,,,,,,,,,,,,,,,,,,,,,,,,,,,,,,,,,,,,,,,,,,,,,,,,,,,,,,,,,,,,,,,,,,,,,,,,,,,,,,,,,,,,,,,,,,,,,,,,,,,,,,,,,,,,,,,,,,,,,,,,,,,,,,,,,,,,,,,,,,,,,,,,,,,,,,,,,,,,,,,,,,,,,,,,,,,,,,,,,,,,,,,,,,,,,,,,,,,,,,,,,,,,,,,,,,,,,,,,,,,,,,,,,,,,,,,,,,,,,,,,,,,,,,,,,,,,,,,,,,,,,,,,,,,,,,,,,,,,,,,,,,,,,,,,,,,,,,,,,,,,,,,,,,,,,,,,,,,,,,,,,,,,,,,,,,,,,,,,,,,,,,,,,,,,,,,,,,,,,,,,,,,,,,,,,,,,,,,,,,,,,,,,,,,,,,,,,,,,,,,,,,,,,,,,,,,,,,,,,,,,,,,,,,,,,,,,,,,,,,,,,,,,,,,,,,,,,,,,,,,,,,,,,,,,,,,,,,,,,,,,,,,,,,,,,,,,,,,,,,,,,,,,,,,,,,,,,,,,,,,,,,,,,,,,,,,,,,,,,,,,,,,,,,,,,,,,,,,,,,,,,,,,,,,,,,,,,,,,,,,,,,,,,,,,,,,,,,,,,,,,,,,,,,,,,,,,,,,,,,,,,,,,,,,,,,,,,,,,,,,,,,,,,,,,,,,,,,,,,,,,,,,,,,,,,,,,,,,,,,,,,,,,,,,,,,,,,,,,,,,,,,,,,,,,,,,,,,,,,,,,,,,,,,,,,,,,,,,,,,,,,,,,,,,,,,,,,,,,,,,,,,,,,,,,,,,,,,,,,,,,,,,,,,,,,,,,,,,,,,,,,,,,,,,,,,,,,,,,,,,,,,,,,,,,,,,,,,,,,,,,,,,,,,,,,,,,,,,,,,,,,,,,,,,,,,,,,,,,,,,,,,,,,,,,,,,,,,,,,,,,,,,,,,,,,,,,,,,,,,,,,,,,,,,,,,,,,,,,,,,,,,,,,,,,,,,,,,,,,,,,,,,,,,,,,,,,,,,,,,,,,,,,,,,,,,,,,,,,,,,,,,,,,,,,,,,,,,,,,,,,,,,,,,,,,,,,,,,,,,,,,,,,,,,,,,,,,,,,,,,,,,,,,,,,,,,,,,,,,,,,,,,,,,,,,,,,,,,,,,,,,,,,,,,,,,,,,,,,,,,,,,,,,,,,,,,,,,,,,,,,,,,,,,,,,,,,,,,,,,,,,,,,,,,,,,,,,,,,,,,,,,,,,,,,,,,,,,,,,,,,,,,,,,,,,,,,,,,,,,,,,,,,,,,,,,,,,,,,,,,,,,,,,,,,,,,,,,,,,,,,,,,,,,,,,,,,,,,,,,,,,,,,,,,,,,,,,,,,,,,,,,,,,,,,,,,,,,,,,,,,,,,,,,,,,,,,,,,,,,,,,,,,,,,,,,,,,,,,,,,,,,,,,,,,,,,,,,,,,,,,,,,,,,,,,,,,,,,,,,,,,,,,,,,,,,,,,,,,,,,,,,,,,,,,,,,,,,,,,,,,,,,,,,,,,,,,,,,,,,,,,,,,,,,,,,,,,,,,,,,,,,,,,,,,,,,,,,,,,,,,,,,,,,,,,,,,,,,,,,,,,,,,,,,,,,,,,,,,,,,,,,,,,,,,,,,,,,,,,,,,,,,,,,,,,,,,,,,,,,,,,,,,,,,,,,,,,,,,,,,,,,,,,,,,,,,,,,,,,,,,,,,,,,,,,,,,,,,,,,,,,,,,,,,,,,,,,,,,,,,,,,,,,,,,,,,,,,,,,,,,,,,,,,,,,,,,,,,,,,,,,,,,,,,,,,,,,,,,,,,,,,,,,,,,,,,,,,,,,,,,,,,,,,,,,,,,,,,,,,,,,,,,,,,,,,,,,,,,,,,,,,,,,,,,,,,,,,,,,,,,,,,,,,,,,,,,,,,,,,,,,,,,,,,,,,,,,,,,,,,,,,,,,,,,,,,,,,,,,,,,,,,,,,,,,,,,,,,,,,,,,,,,,,,,,,,,,,,,,,,,,,,,,,,,,,,,,,,,,,,,,,,,,,,,,,,,,,,,,,,,,,,,,,,,,,,,,,,,,,,,,,,,,,,,,,,,,,,,,,,,,,,,,,,,,,,,,,,,,,,,,,,,,,,,,,,,,,,,,,,,,,,,,,,,,,,,,,,,,,,,,,,,,,,,,,,,,,,,,,,,,,,,,,,,,,,,,,,,,,,,,,,,,,,,,,,,,,,,,,,,,,,,,,,,,,,,,,,,,,,,,,,,,,,,,,,,,,,,,,,,,,,,,,,,,,,,,,,,,,,,,,,,,,,,,,,,,,,,,,,,,,,,,,,,,,,,,,,,,,,,,,,,,,,,,,,,,,,,,,,,,,,,,,,,,,,,,,,,,,,,,,,,,,,,,,,,,,,,,,,,,,,,,,,,,,,,,,,,,,,,,,,,,,,,,,,,,,,,,,,,,,,,,,,,,,,,,,,,,,,,,,,,,,,,,,,,,,,,,,,,,,,,,,,,,,,,,,,,,,,,,,,,,,,,,,,,,,,,,,,,,,,,,,,,,,,,,,,,,,,,,,,,,,,,,,,,,,,,,,,,,,,,,,,,,,,,,,,,,,,,,,,,,,,,,,,,,,,,,,,,,,,,,,,,,,,,,,,,,,,,,,,,,,,,,,,,,,,,,,,,,,,,,,,,,,,,,,,,,,,,,,,,,,,,,,,,,,,,,,,,,,,,,,,,,,,,,,,,,,,,,,,,,,,,,,,,,,,,,,,,,,,,,,,,,,,,,,,,,,,,,,,,,,,,,,,,,,,,,,,,,,,,,,,,,,,,,,,,,,,,,,,,,,,,,,,,,,,,,,,,,,,,,,,,,,,,,,,,,,,,,,,,,,,,,,,,,,,,,,,,,,,,,,,,,,,,,,,,,,,,,,,,,,,,,,,,,,,,,,,,,,,,,,,,,,,,,,,,,,,,,,,,,,,,,,,,,,,,,,,,,,,,,,,,,,,,,,,,,,,,,,,,,,,,,,,,,,,,,,,,,,,,,,,,,,,,,,,,,,,,,,,,,,,,,,,,,,,,,,,,,,,,,,,,,,,,,,,,,,,,,,,,,,,,,,,,,,,,,,,,,,,,,,,,,,,,,,,,,,,,,,,,,,,,,,,,,,,,,,,,,,,,,,,,,,,,,,,,,,,,,,,,,,,,,,,,,,,,,,,,,,,,,,,,,,,,,,,,,,,,,,,,,,,,,,,,,,,,,,,,,,,,,,,,,,,,,,,,,,,,,,,,,,,,,,,,,,,,,,,,,,,,,,,,,,,,,,,,,,,,,,,,,,,,,,,,,,,,,,,,,,,,,,,,,,,,,,,,,,,,,,,,,,,,,,,,,,,,,,,,,,,,,,,,,,,,,,,,,,,,,,,,,,,,,,,,,,,,,,,,,,,,,,,,,,,,,,,,,,,,,,,,,,,,,,,,,,,,,,,,,,,,,,,,,,,,,,,,,,,,,,,,,,,,,,,,,,,,,,,,,,,,,,,,,,,,,,,,,,,,,,,,,,,,,,,,,,,,,,,,,,,,,,,,,,,,,,,,,,,,,,,,,,,,,,,,,,,,,,,,,,,,,,,,,,,,,,,,,,,,,,,,,,,,,,,,,,,,,,,,,,,,,,,,,,,,,,,,,,,,,,,,,,,,,,,,,,,,,,,,,,,,,,,,,,,,,,,,,,,,,,,,,,,,,,,,,,,,,,,,,,,,,,,,,,,,,,,,,,,,,,,,,,,,,,,,,,,,,,,,,,,,,,,,,,,,,,,,,,,,,,,,,,,,,,,,,,,,,,,,,,,,,,,,,,,,,,,,,,,,,,,,,,,,,,,,,,,,,,,,,,,,,,,,,,,,,,,,,,,,,,,,,,,,,,,,,,,,,,,,,,,,,,,,,,,,,,,,,,,,,,,,,,,,,,,,,,,,,,,,,,,,,,,,,,,,,,,,,,,,,,,,,,,,,,,,,,,,,,,,,,,,,,,,,,,,,,,,,,,,,,,,,,,,,,,,,,,,,,,,,,,,,,,,,,,,,,,,,,,,,,,,,,,,,,,,,,,,,,,,,,,,,,,,,,,,,,,,,,,,,,,,,,,,,,,,,,,,,,,,,,,,,,,,,,,,,,,,,,,,,,,,,,,,,,,,,,,,,,,,,,,,,,,,,,,,,,,,,,,,,,,,,,,,,,,,,,,,,,,,,,,,,,,,,,,,,,,,,,,,,,,,,,,,,,,,,,,,,,,,,,,,,,,,,,,,,,,,,,,,,,,,,,,,,,,,,,,,,,,,,,,,,,,,,,,,,,,,,,,,,,,,,,,
,,,,,,,,,,,,,,,,,,,,,,,,,,,,,,,,,,,,,,,,,,,,,,,,,,,,,,,,,,,,,,,,,,,,,,,,,,,,,,,,,,,,,,,,,,,,,,,,,,,,,,,,,,,,,,,,,,,,,,,,,,,,,,,,,,,,,,,,,,,,,,,,,,,,,,,,,,,,,,,,,,,,,,,,,,,,,,,,,,,,,,,,,,,,,,,,,,,,,,,,,,,,,,,,,,,,,,,,,,,,,,,,,,,,,,,,,,,,,,,,,,,,,,,,,,,,,,,,,,,,,,,,,,,,,,,,,,,,,,,,,,,,,,,,,,,,,,,,,,,,,,,,,,,,,,,,,,,,,,,,,,,,,,,,,,,,,,,,,,,,,,,,,,,,,,,,,,,,,,,,,,,,,,,,,,,,,,,,,,,,,,,,,,,,,,,,,,,,,,,,,,,,,,,,,,,,,,,,,,,,,,,,,,,,,,,,,,,,,,,,,,,,,,,,,,,,,,,,,,,,,,,,,,,,,,,,,,,,,,,,,,,,,,,,,,,,,,,,,,,,,,,,,,,,,,,,,,,,,,,,,,,,,,,,,,,,,,,,,,,,,,,,,,,,,,,,,,,,,,,,,,,,,,,,,,,,,,,,,,,,,,,,,,,,,,,,,,,,,,,,,,,,,,,,,,,,,,,,,,,,,,,,,,,,,,,,,,,,,,,,,,,,,,,,,,,,,,,,,,,,,,,15825.0,,,,,,,,,,,,,,,,,,,,,,,,,,,,,,,,,,,,,,,,,,,,,,,,,,,,,,,,,,,,,,,,,,,,,,,,,,,,,,,,,,,,,,,,,,,,,,,,,,,,,,,,,,,,,,,,,,,,,,,,,,,,,,,,,,,,,,,,,,,,,,,,,,,,,,,,,,,,,,,,,,,,,,,,,,,,,,,,,,,,,,,,,,,,,,,,,,,,,,,,,,,,,,,,,,,,,,,,,,,,,,,,,,,,,,,,,,,,,,,,,,,,,,,,,,,,,,,,,,,,,,,,,,,,,,,,,,,,,,,,,,,,,,,,,,,,,,,,,,,,,,,,,,,,,,,,,,,,,,,,,,,,,,,,,,,,,,,,,,,,,,,,,,,,,,,,,,,,,,,,,,,,,,,,,,,,,,,,,,,,,,,,,,,,,,,,,,,,,,,,,,,,,,,,,,,,,,,,,,,,,,,,,,,,,,,,,,,,,,,,,,,,,,,,,,,,,,,,,,,,,,,,,,,,,,,,,,,,,,,,,,,,,,,,,,,,,,,,,,,,,,,,,,,,,,,,,,,,,,,,,,,,,,,,,,,,,,,,,,,,,,,,,,,,,,,,,,,,,,,,,,,,,,,,,,,,,,,,,,,,,,,,,,,,,,,,,,,,,,,,,,,,,,,,,,,,,,,,,,,,,,,,,,,,,,,,,,,,,,,,,,,,,,,,,,,,,,,,,,,,,,,,,,,,,,,,,,,,,,,,,,,,,,,,,,,,,,,,,,,,,,,,,,,,,,,,,,,,,,,,,,,,,,,,,,,,,,,,,,,,,,,,,,,,,,,,,,,,,,,,,,,,,,,,,,,,,,,,,,,,,,,,,,,,,,,,,,,,,,,,,,,,,,,,,,,,,,,,,,,,,,,,,,,,,,,,,,,,,,,,,,,,,,,,,,,,,,,,,,,,,,,,,,,,,,,,,,,,,,,,,,,,,,,,,,,,,,,,,,,,,,,,,,,,,,,,,,,,,,,,,,,,,,,,,,,,,,,,,,,,,,,,,,,,,,,,,,,,,,,,,,,,,,,,,,,,,,,,,,,,,,,,,,,,,,,,,,,,,,,,,,,,,,,,,,,,,,,,,,,,,,,,,,,,,,,,,,,,,,,,,,,,,,,,,,,,,,,,,,,,,,,,,,,,,,,,,,,,,,,,,,,,,,,,,,,,,,,,,,,,,,,,,,,,,,,,,,,,,,,,,,,,,,,,,,,,,,,,,,,,,,,,,,,,,,,,,,,,,,,,,,,,,,,,,,,,,,,,,,,,,,,,,,,,,,,,,,,,,,,,,,,,,,,,,,,,,,,,,,,,,,,,,,,,,,,,,,,,,,,,,,,,,,,,,,,,,,,,,,,,,,,,,,,,,,,,,,,,,,,,,,,,,,,,,,,,,,,,,,,,,,,,,,,,,,,,,,,,,,,,,,,,,,,,,,,,,,,,,,,,,,,,,,,,,,,,,,,,,,,,,,,,,,,,,,,,,,,,,,,,,,,,,,,,,,,,,,,,,,,,,,,,,,,,,,,,,,,,,,,,,,,,,,,,,,,,,,,,,,,,,,,,,,,,,,,,,,,,,,,,,,,,,,,,,,,,,,,,,,,,,,,,,,,,,,,,,,,,,,,,,,,,,,,,,,,,,,,,,,,,,,,,,,,,,,,,,,,,,,,,,,,,,,,,,,,,,,,,,,,,,,,,,,,,,,,,,,,,,,,,,,,,,,,,,,,,,,,,,,,,,,,,,,,,,,,,,,,,,,,,,,,,,,,,,,,,,,,,,,,,,,,,,,,,,,,,,,,,,,,,,,,,,,,,,,,,,,,,,,,,,,,,,,,,,,,,,,,,,,,,,,,,,,,,,,,,,,,,,,,,,,,,,,,,,,,,,,,,,,,,,,,,,,,,,,,,,,,,,,,,,,,,,,,,,,,,,,,,,,,,,,,,,,,,,,,,,,,,,,,,,,,,,,,,,,,,,,,,,,,,,,,,,,,,,,,,,,,,,,,,,,,,,,,,,,,,,,,,,,,,,,,,,,,,,,,,,,,,,,,,,,,,,,,,,,,,,,,,,,,,,,,,,,,,,,,,,,,,,,,,,,,,,,,,,,,,,,,,,,,,,,,,,,,,,,,,,,,,,,,,,,,,,,,,,,,,,,,,,,,,,,,,,,,,,,,,,,,,,,,,,,,,,,,,,,,,,,,,,,,,,,,,,,,,,,,,,,,,,,,,,,,,,,,,,,,,,,,,,,,,,,,,,,,,,,,,,,,,,,,,,,,,,,,,,,,,,,,,,,,,,,,,,,,,,,,,,,,,,,,,,,,,,,,,,,,,,,,,,,,,,,,,,,,,,,,,,,,,,,,,,,,,,,,,,,,,,,,,,,,,,,,,,,,,,,,,,,,,,,,,,,,,,,,,,,,,,,,,,,,,,,,,,,,,,,,,,,,,,,,,,,,,,,,,,,,,,,,,,,,,,,,,,,,,,,,,,,,,,,,,,,,,,,,,,,,,,,,,,,,,,,,,,,,,,,,,,,,,,,,,,,,,,,,,,,,,,,,,,,,,,,,,,,,,,,,,,,,,,,,,,,,,,,,,,,,,,,,,,,,,,,,,,,,,,,,,,,,,,,,,,,,,,,,,,,,,,,,,,,,,,,,,,,,,,,,,,,,,,,,,,,,,,,,,,,,,,,,,,,,,,,,,,,,,,,,,,,,,,,,,,,,,,,,,,,,,,,,,,,,,,,,,,,,,,,,,,,,,,,,,,,,,,,,,,,,,,,,,,,,,,,,,,,,,,,,,,,,,,,,,,,,,,,,,,,,,,,,,,,,,,,,,,,,,,,,,,,,,,,,,,,,,,,,,,,,,,,,,,,,,,,,,,,,,,,,,,,,,,,,,,,,,,,,,,,,,,,,,,,,,,,,,,,,,,,,,,,,,,,,,,,,,,,,,,,,,,,,,,,,,,,,,,,,,,,,,,,,,,,,,,,,,,,,,,,,,,,,,,,,,,,,,,,,,,,,,,,,,,,,,,,,,,,,,,,,,,,,,,,,,,,,,,,,,,,,,,,,,,,,,,,,,,,,,,,,,,,,,,,,,,,,,,,,,,,,,,,,,,,,,,,,,,,,,,,,,,,,,,,,,,,,,,,,,,,,,,,,,,,,,,,,,,,,,,,,,,,,,,,,,,,,,,,,,,,,,,,,,,,,,,,,,,,,,,,,,,,,,,,,,,,,,,,,,,,,,,,,,,,,,,,,,,,,,,,,,,,,,,,,,,,,,,,,,,,,,,,,,,,,,,,,,,,,,,,,,,,,,,,,,,,,,,,,,,,,,,,,,,,,,,,,,,,,,,,,,,,,,,,,,,,,,,,,,,,,,,,,,,,,,,,,,,,,,,,,,,,,,,,,,,,,,,,,,,,,,,,,,,,,,,,,,,,,,,,,,,,,,,,,,,,,,,,,,,,,,,,,,,,,,,,,,,,,,,,,,,,,,,,,,,,,,,,,,,,,,,,,,,,,,,,,,,,,,,,,,,,,,,,,,,,,,,,,,,,,,,,,,,,,,,,,,,,,,,,,,,,,,,,,,,,,,,,,,,,,,,,,,,,,,,,,,,,,,,,,,,,,,,,,,,,,,,,,,,,,,,,,,,,,,,,,,,,,,,,,,,,,,,,,,,,,,,,,,,,,,,,,,,,,,,,,,,,,,,,,,,,,,,,,,,,,,,,,,,,,,,,,,,,,,,,,,,,,,,,,,,,,,,,,,,,,,,,,,,,,,,,,,,,,,,,,,,,,,,,,,,,,,,,,,,,,,,,,,,,,,,,,,,,,,,,,,,,,,,,,,,,,,,,,,,,,,,,,,,,,,,,,,,,,,,,,,,,,,,,,,,,,,,,,,,,,,,,,,,,,,,,,,,,,,,,,,,,,,,,,,,,,,,,,,,,,,,,,,,,,,,,,,,,,,,,,,,,,,,,,,,,,,,,,,,,,,,,,,,,,,,,,,,,,,,,,,,,,,,,,,,,,,,,,,,,,,,,,,,,,,,,,,,,,,,,,,,,,,,,,,,,,,,,,,,,,,,,,,,,,,,,,,,,,,,,,,,,,,,,,,,,,,,,,,,,,,,,,,,,,,,,,,,,,,,,,,,,,,,,,,,,,,,,,,,,,,,,,,,,,,,,,,,,,,,,,,,,,,,,,,,,,,,,,,,,,,,,,,,,,,,,,,,,,,,,,,,,,,,,,,,,,,,,,,,,,,,,,,,,,,,,,,,,,,,,,,,,,,,,,,,,,,,,,,,,,,,,,,,,,,,,,,,,,,,,,,,,,,,,,,,,,,,,,,,,,,,,,,,,,,,,,,,,,,,,,,,,,,,,,,,,,,,,,,,,,,,,,,,,,,,,,,,,,,,,,,,,,,,,,,,,,,,,,,,,,,,,,,,,,,,,,,,,,,,,,,,,,,,,,,,,,,,,,,,,,,,,,,,,,,,,,,,,,,,,,,,,,,,,,,,,,,,,,,,,,,,,,,,,,,,,,,,,,,,,,,,,,,,,,,,,,,,,,,,,,,,,,,,,,,,,,,,,,,,,,,,,,,,,,,,,,,,,,,,,,,,,,,,,,,,,,,,,,,,,,,,,,,,,,,,,,,,,,,,,,,,,,,,,,,,,,,,,,,,,,,,,,,,,,,,,,,,,,,,,,,,,,,,,,,,,,,,,,,,,,,,,,,,,,,,,,,,,,,,,,,,,,,,,,,,,,,,,,,,,,,,,,,,,,,,,,,
,,,,,,,,,,,,,,,,,,,,,,,,,,,,,,,,,,,,,,,,,,,,,,,,,,,,,,,,,,,,,,,,,,,,,,,,,,,,,,,,,,,,,,,,,,,,,,,,,,,,,,,,,,,,,,,,,,,,,,,,,,,,,,,,,,,,,,,,,,,,,,,,,,,,,,,,,,,,,,,,,,,,,,,,,,,,,,,,,,,,,,,,,,,,,,,,,,,,,,,,,,,,,,,,,,,,,,,,,,,,,,,,,,,,,,,,,,,,,,,,,,,,,,,,,,,,,,,,,,,,,,,,,,,,,,,,,,,,,,,,,,,,,,,,,,,,,,,,,,,,,,,,,,,,,,,,,,,,,,,,,,,,,,,,,,,,,,,,,,,,,,,,,,,,,,,,,,,,,,,,,,,,,,,,,,,,,,,,,,,,,,,,,,,,,,,,,,,,,,,,,,,,,,,,,,,,,,,,,,,,,,,,,,,,,,,,,,,,,,,,,,,,,,,,,,,,,,,,,,,,,,,,,,,,,,,,,,,,,,,,,,,,,,,,,,,,,,,,,,,,,,,,,,,,,,,,,,,,,,,,,,,,,,,,,,,,,,,,,,,,,,,,,,,,,,,,,,,,,,,,,,,,,,,,,,,,,,,,,,,,,,,,,,,,,,,,,,,,,,,,,,,,,,,,,,,,,,,,,,,,,,,,,,,,,,,,,,,,,,,,,,,,,,,,,,,,,,,,,,,,,,,15826.0,,,,,,,,,,,,,,,,,,,,,,,,,,,,,,,,,,,,,,,,,,,,,,,,,,,,,,,,,,,,,,,,,,,,,,,,,,,,,,,,,,,,,,,,,,,,,,,,,,,,,,,,,,,,,,,,,,,,,,,,,,,,,,,,,,,,,,,,,,,,,,,,,,,,,,,,,,,,,,,,,,,,,,,,,,,,,,,,,,,,,,,,,,,,,,,,,,,,,,,,,,,,,,,,,,,,,,,,,,,,,,,,,,,,,,,,,,,,,,,,,,,,,,,,,,,,,,,,,,,,,,,,,,,,,,,,,,,,,,,,,,,,,,,,,,,,,,,,,,,,,,,,,,,,,,,,,,,,,,,,,,,,,,,,,,,,,,,,,,,,,,,,,,,,,,,,,,,,,,,,,,,,,,,,,,,,,,,,,,,,,,,,,,,,,,,,,,,,,,,,,,,,,,,,,,,,,,,,,,,,,,,,,,,,,,,,,,,,,,,,,,,,,,,,,,,,,,,,,,,,,,,,,,,,,,,,,,,,,,,,,,,,,,,,,,,,,,,,,,,,,,,,,,,,,,,,,,,,,,,,,,,,,,,,,,,,,,,,,,,,,,,,,,,,,,,,,,,,,,,,,,,,,,,,,,,,,,,,,,,,,,,,,,,,,,,,,,,,,,,,,,,,,,,,,,,,,,,,,,,,,,,,,,,,,,,,,,,,,,,,,,,,,,,,,,,,,,,,,,,,,,,,,,,,,,,,,,,,,,,,,,,,,,,,,,,,,,,,,,,,,,,,,,,,,,,,,,,,,,,,,,,,,,,,,,,,,,,,,,,,,,,,,,,,,,,,,,,,,,,,,,,,,,,,,,,,,,,,,,,,,,,,,,,,,,,,,,,,,,,,,,,,,,,,,,,,,,,,,,,,,,,,,,,,,,,,,,,,,,,,,,,,,,,,,,,,,,,,,,,,,,,,,,,,,,,,,,,,,,,,,,,,,,,,,,,,,,,,,,,,,,,,,,,,,,,,,,,,,,,,,,,,,,,,,,,,,,,,,,,,,,,,,,,,,,,,,,,,,,,,,,,,,,,,,,,,,,,,,,,,,,,,,,,,,,,,,,,,,,,,,,,,,,,,,,,,,,,,,,,,,,,,,,,,,,,,,,,,,,,,,,,,,,,,,,,,,,,,,,,,,,,,,,,,,,,,,,,,,,,,,,,,,,,,,,,,,,,,,,,,,,,,,,,,,,,,,,,,,,,,,,,,,,,,,,,,,,,,,,,,,,,,,,,,,,,,,,,,,,,,,,,,,,,,,,,,,,,,,,,,,,,,,,,,,,,,,,,,,,,,,,,,,,,,,,,,,,,,,,,,,,,,,,,,,,,,,,,,,,,,,,,,,,,,,,,,,,,,,,,,,,,,,,,,,,,,,,,,,,,,,,,,,,,,,,,,,,,,,,,,,,,,,,,,,,,,,,,,,,,,,,,,,,,,,,,,,,,,,,,,,,,,,,,,,,,,,,,,,,,,,,,,,,,,,,,,,,,,,,,,,,,,,,,,,,,,,,,,,,,,,,,,,,,,,,,,,,,,,,,,,,,,,,,,,,,,,,,,,,,,,,,,,,,,,,,,,,,,,,,,,,,,,,,,,,,,,,,,,,,,,,,,,,,,,,,,,,,,,,,,,,,,,,,,,,,,,,,,,,,,,,,,,,,,,,,,,,,,,,,,,,,,,,,,,,,,,,,,,,,,,,,,,,,,,,,,,,,,,,,,,,,,,,,,,,,,,,,,,,,,,,,,,,,,,,,,,,,,,,,,,,,,,,,,,,,,,,,,,,,,,,,,,,,,,,,,,,,,,,,,,,,,,,,,,,,,,,,,,,,,,,,,,,,,,,,,,,,,,,,,,,,,,,,,,,,,,,,,,,,,,,,,,,,,,,,,,,,,,,,,,,,,,,,,,,,,,,,,,,,,,,,,,,,,,,,,,,,,,,,,,,,,,,,,,,,,,,,,,,,,,,,,,,,,,,,,,,,,,,,,,,,,,,,,,,,,,,,,,,,,,,,,,,,,,,,,,,,,,,,,,,,,,,,,,,,,,,,,,,,,,,,,,,,,,,,,,,,,,,,,,,,,,,,,,,,,,,,,,,,,,,,,,,,,,,,,,,,,,,,,,,,,,,,,,,,,,,,,,,,,,,,,,,,,,,,,,,,,,,,,,,,,,,,,,,,,,,,,,,,,,,,,,,,,,,,,,,,,,,,,,,,,,,,,,,,,,,,,,,,,,,,,,,,,,,,,,,,,,,,,,,,,,,,,,,,,,,,,,,,,,,,,,,,,,,,,,,,,,,,,,,,,,,,,,,,,,,,,,,,,,,,,,,,,,,,,,,,,,,,,,,,,,,,,,,,,,,,,,,,,,,,,,,,,,,,,,,,,,,,,,,,,,,,,,,,,,,,,,,,,,,,,,,,,,,,,,,,,,,,,,,,,,,,,,,,,,,,,,,,,,,,,,,,,,,,,,,,,,,,,,,,,,,,,,,,,,,,,,,,,,,,,,,,,,,,,,,,,,,,,,,,,,,,,,,,,,,,,,,,,,,,,,,,,,,,,,,,,,,,,,,,,,,,,,,,,,,,,,,,,,,,,,,,,,,,,,,,,,,,,,,,,,,,,,,,,,,,,,,,,,,,,,,,,,,,,,,,,,,,,,,,,,,,,,,,,,,,,,,,,,,,,,,,,,,,,,,,,,,,,,,,,,,,,,,,,,,,,,,,,,,,,,,,,,,,,,,,,,,,,,,,,,,,,,,,,,,,,,,,,,,,,,,,,,,,,,,,,,,,,,,,,,,,,,,,,,,,,,,,,,,,,,,,,,,,,,,,,,,,,,,,,,,,,,,,,,,,,,,,,,,,,,,,,,,,,,,,,,,,,,,,,,,,,,,,,,,,,,,,,,,,,,,,,,,,,,,,,,,,,,,,,,,,,,,,,,,,,,,,,,,,,,,,,,,,,,,,,,,,,,,,,,,,,,,,,,,,,,,,,,,,,,,,,,,,,,,,,,,,,,,,,,,,,,,,,,,,,,,,,,,,,,,,,,,,,,,,,,,,,,,,,,,,,,,,,,,,,,,,,,,,,,,,,,,,,,,,,,,,,,,,,,,,,,,,,,,,,,,,,,,,,,,,,,,,,,,,,,,,,,,,,,,,,,,,,,,,,,,,,,,,,,,,,,,,,,,,,,,,,,,,,,,,,,,,,,,,,,,,,,,,,,,,,,,,,,,,,,,,,,,,,,,,,,,,,,,,,,,,,,,,,,,,,,,,,,,,,,,,,,,,,,,,,,,,,,,,,,,,,,,,,,,,,,,,,,,,,,,,,,,,,,,,,,,,,,,,,,,,,,,,,,,,,,,,,,,,,,,,,,,,,,,,,,,,,,,,,,,,,,,,,,,,,,,,,,,,,,,,,,,,,,,,,,,,,,,,,,,,,,,,,,,,,,,,,,,,,,,,,,,,,,,,,,,,,,,,,,,,,,,,,,,,,,,,,,,,,,,,,,,,,,,,,,,,,,,,,,,,,,,,,,,,,,,,,,,,,,,,,,,,,,,,,,,,,,,,,,,,,,,,,,,,,,,,,,,,,,,,,,,,,,,,,,,,,,,,,,,,,,,,,,,,,,,,,,,,,,,,,,,,,,,,,,,,,,,,,,,,,,,,,,,,,,,,,,,,,,,,,,,,,,,,,,,,,,,,,,,,,,,,,,,,,,,,,,,,,,,,,,,,,,,,,,,,,,,,,,,,,,,,,,,,,,,,,,,,,,,,,,,,,,,,,,,,,,,,,,,,,,,,,,,,,,,,,,,,,,,,,,,,,,,,,,,,,,,,,,,,,,,,,,,,,,,,,,,,,,,,,,,,,,,,,,,,,,,,,,,,,,,,,,,,,,,,,,,,,,,,,,,,,,,,,,,,,,,,,,,,,,,,,,,,,,,,,,,,,,,,,,,,,,,,,,,,,,,,,,,,,,,,,,,,,,,,,,,,,,,,,,,,,,,,,,,,,,,,,,,,,,,,,,,,,,,,,,,,,,,,,,,,,,,,,,,,,,,,,,,,,,,,,,,,,,,,,,,,,,,,,,,,,,,,,,,,,,,,,,,,,,,,,,,,,,,,,,,,,,,,,,,,,,,,,,,,,,,,,,,,,,,,,,,,,,,,,,,,,,,,,,,,,,,,,,,,,,,,,,,,,,,,,,,,,,,,,,,,,,,,,,,,,,,,,,,,,,,,,,,,,,,,,,,,,,,,,,,,,,,,,,,,,,,,,,,,,,,,,,,,,,,,,,,,,,,,,,,,,,,,,,,,,,,,,,,,,,,,,,,,,,,,,,,,,,,,,,,,,,,,,,,,,,,,,,,,,,,,,,,,,,,,,,,,,,,,,,,,,,,,,,,,,,,,,,,,,,,,,,,,,,,,,,,,,,,,,,,,,,,,,,,,,,,,,,,,,,,,,,,,,,,,,,,,,,,,,,,,,,,,,,,,,,,,,,,,,,,,,,,,,,,,,,,,,,,,,,,,,,,,,,,,,,,,,,,,,,,,,,,,,,,,,,,,,,,,,,,,,,,,,,,,,,,,,,,,,,,,,,,,,,,,,,,,,,,,,,,,,,,,,,,,,,,,,,,,,,,,,,,,,,,,,,,,,,,,,,,,,,,,,,,,,,,,,,,,,,,,,,,,,,,,,,,,,,,,,,,,,,,,,,,,,,,,,,,,,,,,,,,,,,,,,,,,,,,,,,,,,,,,,,,,,,,,,,,,,,,,,,,,,,,,,,,,,,,,,,,,,
,,,,,,,,,,,,,,,,,,,,,,,,,,,,,,,,,,,,,,,,,,,,,,,,,,,,,,,,,,,,,,,,,,,,,,,,,,,,,,,,,,,,,,,,,,,,,,,,,,,,,,,,,,,,,,,,,,,,,,,,,,,,,,,,,,,,,,,,,,,,,,,,,,,,,,,,,,,,,,,,,,,,,,,,,,,,,,,,,,,,,,,,,,,,,,,,,,,,,,,,,,,,,,,,,,,,,,,,,,,,,,,,,,,,,,,,,,,,,,,,,,,,,,,,,,,,,,,,,,,,,,,,,,,,,,,,,,,,,,,,,,,,,,,,,,,,,,,,,,,,,,,,,,,,,,,,,,,,,,,,,,,,,,,,,,,,,,,,,,,,,,,,,,,,,,,,,,,,,,,,,,,,,,,,,,,,,,,,,,,,,,,,,,,,,,,,,,,,,,,,,,,,,,,,,,,,,,,,,,,,,,,,,,,,,,,,,,,,,,,,,,,,,,,,,,,,,,,,,,,,,,,,,,,,,,,,,,,,,,,,,,,,,,,,,,,,,,,,,,,,,,,,,,,,,,,,,,,,,,,,,,,,,,,,,,,,,,,,,,,,,,,,,,,,,,,,,,,,,,,,,,,,,,,,,,,,,,,,,,,,,,,,,,,,,,,,,,,,,,,,,,,,,,,,,,,,,,,,,,,,,,,,,,,,,,,,,,,,,,,,,,,,,,,,,,,,,,,,,,,,,,,16047.0,,,,,,,,,,,,,,,,,,,,,,,,,,,,,,,,,,,,,,,,,,,,,,,,,,,,,,,,,,,,,,,,,,,,,,,,,,,,,,,,,,,,,,,,,,,,,,,,,,,,,,,,,,,,,,,,,,,,,,,,,,,,,,,,,,,,,,,,,,,,,,,,,,,,,,,,,,,,,,,,,,,,,,,,,,,,,,,,,,,,,,,,,,,,,,,,,,,,,,,,,,,,,,,,,,,,,,,,,,,,,,,,,,,,,,,,,,,,,,,,,,,,,,,,,,,,,,,,,,,,,,,,,,,,,,,,,,,,,,,,,,,,,,,,,,,,,,,,,,,,,,,,,,,,,,,,,,,,,,,,,,,,,,,,,,,,,,,,,,,,,,,,,,,,,,,,,,,,,,,,,,,,,,,,,,,,,,,,,,,,,,,,,,,,,,,,,,,,,,,,,,,,,,,,,,,,,,,,,,,,,,,,,,,,,,,,,,,,,,,,,,,,,,,,,,,,,,,,,,,,,,,,,,,,,,,,,,,,,,,,,,,,,,,,,,,,,,,,,,,,,,,,,,,,,,,,,,,,,,,,,,,,,,,,,,,,,,,,,,,,,,,,,,,,,,,,,,,,,,,,,,,,,,,,,,,,,,,,,,,,,,,,,,,,,,,,,,,,,,,,,,,,,,,,,,,,,,,,,,,,,,,,,,,,,,,,,,,,,,,,,,,,,,,,,,,,,,,,,,,,,,,,,,,,,,,,,,,,,,,,,,,,,,,,,,,,,,,,,,,,,,,,,,,,,,,,,,,,,,,,,,,,,,,,,,,,,,,,,,,,,,,,,,,,,,,,,,,,,,,,,,,,,,,,,,,,,,,,,,,,,,,,,,,,,,,,,,,,,,,,,,,,,,,,,,,,,,,,,,,,,,,,,,,,,,,,,,,,,,,,,,,,,,,,,,,,,,,,,,,,,,,,,,,,,,,,,,,,,,,,,,,,,,,,,,,,,,,,,,,,,,,,,,,,,,,,,,,,,,,,,,,,,,,,,,,,,,,,,,,,,,,,,,,,,,,,,,,,,,,,,,,,,,,,,,,,,,,,,,,,,,,,,,,,,,,,,,,,,,,,,,,,,,,,,,,,,,,,,,,,,,,,,,,,,,,,,,,,,,,,,,,,,,,,,,,,,,,,,,,,,,,,,,,,,,,,,,,,,,,,,,,,,,,,,,,,,,,,,,,,,,,,,,,,,,,,,,,,,,,,,,,,,,,,,,,,,,,,,,,,,,,,,,,,,,,,,,,,,,,,,,,,,,,,,,,,,,,,,,,,,,,,,,,,,,,,,,,,,,,,,,,,,,,,,,,,,,,,,,,,,,,,,,,,,,,,,,,,,,,,,,,,,,,,,,,,,,,,,,,,,,,,,,,,,,,,,,,,,,,,,,,,,,,,,,,,,,,,,,,,,,,,,,,,,,,,,,,,,,,,,,,,,,,,,,,,,,,,,,,,,,,,,,,,,,,,,,,,,,,,,,,,,,,,,,,,,,,,,,,,,,,,,,,,,,,,,,,,,,,,,,,,,,,,,,,,,,,,,,,,,,,,,,,,,,,,,,,,,,,,,,,,,,,,,,,,,,,,,,,,,,,,,,,,,,,,,,,,,,,,,,,,,,,,,,,,,,,,,,,,,,,,,,,,,,,,,,,,,,,,,,,,,,,,,,,,,,,,,,,,,,,,,,,,,,,,,,,,,,,,,,,,,,,,,,,,,,,,,,,,,,,,,,,,,,,,,,,,,,,,,,,,,,,,,,,,,,,,,,,,,,,,,,,,,,,,,,,,,,,,,,,,,,,,,,,,,,,,,,,,,,,,,,,,,,,,,,,,,,,,,,,,,,,,,,,,,,,,,,,,,,,,,,,,,,,,,,,,,,,,,,,,,,,,,,,,,,,,,,,,,,,,,,,,,,,,,,,,,,,,,,,,,,,,,,,,,,,,,,,,,,,,,,,,,,,,,,,,,,,,,,,,,,,,,,,,,,,,,,,,,,,,,,,,,,,,,,,,,,,,,,,,,,,,,,,,,,,,,,,,,,,,,,,,,,,,,,,,,,,,,,,,,,,,,,,,,,,,,,,,,,,,,,,,,,,,,,,,,,,,,,,,,,,,,,,,,,,,,,,,,,,,,,,,,,,,,,,,,,,,,,,,,,,,,,,,,,,,,,,,,,,,,,,,,,,,,,,,,,,,,,,,,,,,,,,,,,,,,,,,,,,,,,,,,,,,,,,,,,,,,,,,,,,,,,,,,,,,,,,,,,,,,,,,,,,,,,,,,,,,,,,,,,,,,,,,,,,,,,,,,,,,,,,,,,,,,,,,,,,,,,,,,,,,,,,,,,,,,,,,,,,,,,,,,,,,,,,,,,,,,,,,,,,,,,,,,,,,,,,,,,,,,,,,,,,,,,,,,,,,,,,,,,,,,,,,,,,,,,,,,,,,,,,,,,,,,,,,,,,,,,,,,,,,,,,,,,,,,,,,,,,,,,,,,,,,,,,,,,,,,,,,,,,,,,,,,,,,,,,,,,,,,,,,,,,,,,,,,,,,,,,,,,,,,,,,,,,,,,,,,,,,,,,,,,,,,,,,,,,,,,,,,,,,,,,,,,,,,,,,,,,,,,,,,,,,,,,,,,,,,,,,,,,,,,,,,,,,,,,,,,,,,,,,,,,,,,,,,,,,,,,,,,,,,,,,,,,,,,,,,,,,,,,,,,,,,,,,,,,,,,,,,,,,,,,,,,,,,,,,,,,,,,,,,,,,,,,,,,,,,,,,,,,,,,,,,,,,,,,,,,,,,,,,,,,,,,,,,,,,,,,,,,,,,,,,,,,,,,,,,,,,,,,,,,,,,,,,,,,,,,,,,,,,,,,,,,,,,,,,,,,,,,,,,,,,,,,,,,,,,,,,,,,,,,,,,,,,,,,,,,,,,,,,,,,,,,,,,,,,,,,,,,,,,,,,,,,,,,,,,,,,,,,,,,,,,,,,,,,,,,,,,,,,,,,,,,,,,,,,,,,,,,,,,,,,,,,,,,,,,,,,,,,,,,,,,,,,,,,,,,,,,,,,,,,,,,,,,,,,,,,,,,,,,,,,,,,,,,,,,,,,,,,,,,,,,,,,,,,,,,,,,,,,,,,,,,,,,,,,,,,,,,,,,,,,,,,,,,,,,,,,,,,,,,,,,,,,,,,,,,,,,,,,,,,,,,,,,,,,,,,,,,,,,,,,,,,,,,,,,,,,,,,,,,,,,,,,,,,,,,,,,,,,,,,,,,,,,,,,,,,,,,,,,,,,,,,,,,,,,,,,,,,,,,,,,,,,,,,,,,,,,,,,,,,,,,,,,,,,,,,,,,,,,,,,,,,,,,,,,,,,,,,,,,,,,,,,,,,,,,,,,,,,,,,,,,,,,,,,,,,,,,,,,,,,,,,,,,,,,,,,,,,,,,,,,,,,,,,,,,,,,,,,,,,,,,,,,,,,,,,,,,,,,,,,,,,,,,,,,,,,,,,,,,,,,,,,,,,,,,,,,,,,,,,,,,,,,,,,,,,,,,,,,,,,,,,,,,,,,,,,,,,,,,,,,,,,,,,,,,,,,,,,,,,,,,,,,,,,,,,,,,,,,,,,,,,,,,,,,,,,,,,,,,,,,,,,,,,,,,,,,,,,,,,,,,,,,,,,,,,,,,,,,,,,,,,,,,,,,,,,,,,,,,,,,,,,,,,,,,,,,,,,,,,,,,,,,,,,,,,,,,,,,,,,,,,,,,,,,,,,,,,,,,,,,,,,,,,,,,,,,,,,,,,,,,,,,,,,,,,,,,,,,,,,,,,,,,,,,,,,,,,,,,,,,,,,,,,,,,,,,,,,,,,,,,,,,,,,,,,,,,,,,,,,,,,,,,,,,,,,,,,,,,,,,,,,,,,,,,,,,,,,,,,,,,,,,,,,,,,,,,,,,,,,,,,,,,,,,,,,,,,,,,,,,,,,,,,,,,,,,,,,,,,,,,,,,,,,,,,,,,,,,,,,,,,,,,,,,,,,,,,,,,,,,,,,,,,,,,,,,,,,,,,,,,,,,,,,,,,,,,,,,,,,,,,,,,,,,,,,,,,,,,,,,,,,,,,,,,,,,,,,,,,,,,,,,,,,,,,,,,,,,,,,,,,,,,,,,,,,,,,,,,,,,,,,,,,,,,,,,,,,,,,,,,,,,,,,,,,,,,,,,,,,,,,,,,,,,,,,,,,,,,,,,,,,,,,,,,,,,,,,,,,,,,,,,,,,,,,,,,,,,,,,,,,,,,,,,,,,,,,,,,,,,,,,,,,,,,,,,,,,,,,,,,,,,,,,,,,,,,,,,,,,,,,,,,,,,,,,,,,,,,,,,,,,,,,,,,,,,,,,,,,,,,,,,,,,,,,,,,,,,,,,,,,,,,,,,,,,,,,,,,,,,,,,,,,,,,,,,,,,,,,,,,,,,,,,,,,,,,,,,,,,,,,,,,,,,,,,,,,,,,,,,,,,,,,,,,,,,,,,,,,,,,,,,,,,,,,,,,,,,,,,,,,,,,,,,,,,,,,,,,,,,,,,,,,,,,,,,,,,,,,,,,,,,,,,,,,,,,,,,,,,,,,,,,,,,,,,,,,,,,,,,,,,,,,,,,,,,,,,,,,,,,,,,,,,,,,,,,,,,,,,,,,,,,,,,,,,,,,,,,,,,,,,,,,,,,,,,,,,,,,,,,,,,,,,,,,,,,,,,,,,,,,,,,,,,,,,,,,,,,,,,,,,
,,,,,,,,,,,,,,,,,,,,,,,,,,,,,,,,,,,,,,,,,,,,,,,,,,,,,,,,,,,,,,,,,,,,,,,,,,,,,,,,,,,,,,,,,,,,,,,,,,,,,,,,,,,,,,,,,,,,,,,,,,,,,,,,,,,,,,,,,,,,,,,,,,,,,,,,,,,,,,,,,,,,,,,,,,,,,,,,,,,,,,,,,,,,,,,,,,,,,,,,,,,,,,,,,,,,,,,,,,,,,,,,,,,,,,,,,,,,,,,,,,,,,,,,,,,,,,,,,,,,,,,,,,,,,,,,,,,,,,,,,,,,,,,,,,,,,,,,,,,,,,,,,,,,,,,,,,,,,,,,,,,,,,,,,,,,,,,,,,,,,,,,,,,,,,,,,,,,,,,,,,,,,,,,,,,,,,,,,,,,,,,,,,,,,,,,,,,,,,,,,,,,,,,,,,,,,,,,,,,,,,,,,,,,,,,,,,,,,,,,,,,,,,,,,,,,,,,,,,,,,,,,,,,,,,,,,,,,,,,,,,,,,,,,,,,,,,,,,,,,,,,,,,,,,,,,,,,,,,,,,,,,,,,,,,,,,,,,,,,,,,,,,,,,,,,,,,,,,,,,,,,,,,,,,,,,,,,,,,,,,,,,,,,,,,,,,,,,,,,,,,,,,,,,,,,,,,,,,,,,,,,,,,,,,,,,,,,,,,,,,,,,,,,,,,,,,,,,,,,,,,,16214.0,,,,,,,,,,,,,,,,,,,,,,,,,,,,,,,,,,,,,,,,,,,,,,,,,,,,,,,,,,,,,,,,,,,,,,,,,,,,,,,,,,,,,,,,,,,,,,,,,,,,,,,,,,,,,,,,,,,,,,,,,,,,,,,,,,,,,,,,,,,,,,,,,,,,,,,,,,,,,,,,,,,,,,,,,,,,,,,,,,,,,,,,,,,,,,,,,,,,,,,,,,,,,,,,,,,,,,,,,,,,,,,,,,,,,,,,,,,,,,,,,,,,,,,,,,,,,,,,,,,,,,,,,,,,,,,,,,,,,,,,,,,,,,,,,,,,,,,,,,,,,,,,,,,,,,,,,,,,,,,,,,,,,,,,,,,,,,,,,,,,,,,,,,,,,,,,,,,,,,,,,,,,,,,,,,,,,,,,,,,,,,,,,,,,,,,,,,,,,,,,,,,,,,,,,,,,,,,,,,,,,,,,,,,,,,,,,,,,,,,,,,,,,,,,,,,,,,,,,,,,,,,,,,,,,,,,,,,,,,,,,,,,,,,,,,,,,,,,,,,,,,,,,,,,,,,,,,,,,,,,,,,,,,,,,,,,,,,,,,,,,,,,,,,,,,,,,,,,,,,,,,,,,,,,,,,,,,,,,,,,,,,,,,,,,,,,,,,,,,,,,,,,,,,,,,,,,,,,,,,,,,,,,,,,,,,,,,,,,,,,,,,,,,,,,,,,,,,,,,,,,,,,,,,,,,,,,,,,,,,,,,,,,,,,,,,,,,,,,,,,,,,,,,,,,,,,,,,,,,,,,,,,,,,,,,,,,,,,,,,,,,,,,,,,,,,,,,,,,,,,,,,,,,,,,,,,,,,,,,,,,,,,,,,,,,,,,,,,,,,,,,,,,,,,,,,,,,,,,,,,,,,,,,,,,,,,,,,,,,,,,,,,,,,,,,,,,,,,,,,,,,,,,,,,,,,,,,,,,,,,,,,,,,,,,,,,,,,,,,,,,,,,,,,,,,,,,,,,,,,,,,,,,,,,,,,,,,,,,,,,,,,,,,,,,,,,,,,,,,,,,,,,,,,,,,,,,,,,,,,,,,,,,,,,,,,,,,,,,,,,,,,,,,,,,,,,,,,,,,,,,,,,,,,,,,,,,,,,,,,,,,,,,,,,,,,,,,,,,,,,,,,,,,,,,,,,,,,,,,,,,,,,,,,,,,,,,,,,,,,,,,,,,,,,,,,,,,,,,,,,,,,,,,,,,,,,,,,,,,,,,,,,,,,,,,,,,,,,,,,,,,,,,,,,,,,,,,,,,,,,,,,,,,,,,,,,,,,,,,,,,,,,,,,,,,,,,,,,,,,,,,,,,,,,,,,,,,,,,,,,,,,,,,,,,,,,,,,,,,,,,,,,,,,,,,,,,,,,,,,,,,,,,,,,,,,,,,,,,,,,,,,,,,,,,,,,,,,,,,,,,,,,,,,,,,,,,,,,,,,,,,,,,,,,,,,,,,,,,,,,,,,,,,,,,,,,,,,,,,,,,,,,,,,,,,,,,,,,,,,,,,,,,,,,,,,,,,,,,,,,,,,,,,,,,,,,,,,,,,,,,,,,,,,,,,,,,,,,,,,,,,,,,,,,,,,,,,,,,,,,,,,,,,,,,,,,,,,,,,,,,,,,,,,,,,,,,,,,,,,,,,,,,,,,,,,,,,,,,,,,,,,,,,,,,,,,,,,,,,,,,,,,,,,,,,,,,,,,,,,,,,,,,,,,,,,,,,,,,,,,,,,,,,,,,,,,,,,,,,,,,,,,,,,,,,,,,,,,,,,,,,,,,,,,,,,,,,,,,,,,,,,,,,,,,,,,,,,,,,,,,,,,,,,,,,,,,,,,,,,,,,,,,,,,,,,,,,,,,,,,,,,,,,,,,,,,,,,,,,,,,,,,,,,,,,,,,,,,,,,,,,,,,,,,,,,,,,,,,,,,,,,,,,,,,,,,,,,,,,,,,,,,,,,,,,,,,,,,,,,,,,,,,,,,,,,,,,,,,,,,,,,,,,,,,,,,,,,,,,,,,,,,,,,,,,,,,,,,,,,,,,,,,,,,,,,,,,,,,,,,,,,,,,,,,,,,,,,,,,,,,,,,,,,,,,,,,,,,,,,,,,,,,,,,,,,,,,,,,,,,,,,,,,,,,,,,,,,,,,,,,,,,,,,,,,,,,,,,,,,,,,,,,,,,,,,,,,,,,,,,,,,,,,,,,,,,,,,,,,,,,,,,,,,,,,,,,,,,,,,,,,,,,,,,,,,,,,,,,,,,,,,,,,,,,,,,,,,,,,,,,,,,,,,,,,,,,,,,,,,,,,,,,,,,,,,,,,,,,,,,,,,,,,,,,,,,,,,,,,,,,,,,,,,,,,,,,,,,,,,,,,,,,,,,,,,,,,,,,,,,,,,,,,,,,,,,,,,,,,,,,,,,,,,,,,,,,,,,,,,,,,,,,,,,,,,,,,,,,,,,,,,,,,,,,,,,,,,,,,,,,,,,,,,,,,,,,,,,,,,,,,,,,,,,,,,,,,,,,,,,,,,,,,,,,,,,,,,,,,,,,,,,,,,,,,,,,,,,,,,,,,,,,,,,,,,,,,,,,,,,,,,,,,,,,,,,,,,,,,,,,,,,,,,,,,,,,,,,,,,,,,,,,,,,,,,,,,,,,,,,,,,,,,,,,,,,,,,,,,,,,,,,,,,,,,,,,,,,,,,,,,,,,,,,,,,,,,,,,,,,,,,,,,,,,,,,,,,,,,,,,,,,,,,,,,,,,,,,,,,,,,,,,,,,,,,,,,,,,,,,,,,,,,,,,,,,,,,,,,,,,,,,,,,,,,,,,,,,,,,,,,,,,,,,,,,,,,,,,,,,,,,,,,,,,,,,,,,,,,,,,,,,,,,,,,,,,,,,,,,,,,,,,,,,,,,,,,,,,,,,,,,,,,,,,,,,,,,,,,,,,,,,,,,,,,,,,,,,,,,,,,,,,,,,,,,,,,,,,,,,,,,,,,,,,,,,,,,,,,,,,,,,,,,,,,,,,,,,,,,,,,,,,,,,,,,,,,,,,,,,,,,,,,,,,,,,,,,,,,,,,,,,,,,,,,,,,,,,,,,,,,,,,,,,,,,,,,,,,,,,,,,,,,,,,,,,,,,,,,,,,,,,,,,,,,,,,,,,,,,,,,,,,,,,,,,,,,,,,,,,,,,,,,,,,,,,,,,,,,,,,,,,,,,,,,,,,,,,,,,,,,,,,,,,,,,,,,,,,,,,,,,,,,,,,,,,,,,,,,,,,,,,,,,,,,,,,,,,,,,,,,,,,,,,,,,,,,,,,,,,,,,,,,,,,,,,,,,,,,,,,,,,,,,,,,,,,,,,,,,,,,,,,,,,,,,,,,,,,,,,,,,,,,,,,,,,,,,,,,,,,,,,,,,,,,,,,,,,,,,,,,,,,,,,,,,,,,,,,,,,,,,,,,,,,,,,,,,,,,,,,,,,,,,,,,,,,,,,,,,,,,,,,,,,,,,,,,,,,,,,,,,,,,,,,,,,,,,,,,,,,,,,,,,,,,,,,,,,,,,,,,,,,,,,,,,,,,,,,,,,,,,,,,,,,,,,,,,,,,,,,,,,,,,,,,,,,,,,,,,,,,,,,,,,,,,,,,,,,,,,,,,,,,,,,,,,,,,,,,,,,,,,,,,,,,,,,,,,,,,,,,,,,,,,,,,,,,,,,,,,,,,,,,,,,,,,,,,,,,,,,,,,,,,,,,,,,,,,,,,,,,,,,,,,,,,,,,,,,,,,,,,,,,,,,,,,,,,,,,,,,,,,,,,,,,,,,,,,,,,,,,,,,,,,,,,,,,,,,,,,,,,,,,,,,,,,,,,,,,,,,,,,,,,,,,,,,,,,,,,,,,,,,,,,,,,,,,,,,,,,,,,,,,,,,,,,,,,,,,,,,,,,,,,,,,,,,,,,,,,,,,,,,,,,,,,,,,,,,,,,,,,,,,,,,,,,,,,,,,,,,,,,,,,,,,,,,,,,,,,,,,,,,,,,,,,,,,,,,,,,,,,,,,,,,,,,,,,,,,,,,,,,,,,,,,,,,,,,,,,,,,,,,,,,,,,,,,,,,,,,,,,,,,,,,,,,,,,,,,,,,,,,,,,,,,,,,,,,,,,,,,,,,,,,,,,,,,,,,,,,,,,,,,,,,,,,,,,,,,,,,,,,,,,,,,,,,,,,,,,,,,,,,,,,,,,,,,,,,,,,,,,,,,,,,,,,,,,,,,,,,,,,,,,,,,,,,,,,,,,,,,,,,,,,,,,,,,,,,,,,,,,,,,,,,,,,,,,,,,,,,,,,,,,,,,,,,,,,,,,,,,,,,,,,,,,,,,,,,,,,,,,,,,,,,,,,,,,,,,,,,,,,,,,,,,,,,,,,,,,,,,,,,,,,,,,,,,,,,,,,,,,,,,,,,,,,,,,,,,,,,,,,,,,,,,,,,,,,,,,,,,,,,,,,,,,,,,,,,,,,,,,,,,,,,,,,,,,,,,,,,,,,,,,,,,,,,,,,,,,,,,,,,,,,,,,,,,,,,,,,,,,,,,,,,,,,,,,,,,,,,,,,,,,,,,,,,,,,,,,,,,,,,,,,,,,,,,,,,,,,,,,,,,,,,,,,,,,,,,,,,,,,,,,,,,,,,,,,,,,,,,,,,,,,,,,,,,,,,,,,,,,,,,,,,,,,,,,,,,,,,,,,,,,,,,,,,,,,
,,,,,,,,,,,,,,,,,,,,,,,,,,,,,,,,,,,,,,,,,,,,,,,,,,,,,,,,,,,,,,,,,,,,,,,,,,,,,,,,,,,,,,,,,,,,,,,,,,,,,,,,,,,,,,,,,,,,,,,,,,,,,,,,,,,,,,,,,,,,,,,,,,,,,,,,,,,,,,,,,,,,,,,,,,,,,,,,,,,,,,,,,,,,,,,,,,,,,,,,,,,,,,,,,,,,,,,,,,,,,,,,,,,,,,,,,,,,,,,,,,,,,,,,,,,,,,,,,,,,,,,,,,,,,,,,,,,,,,,,,,,,,,,,,,,,,,,,,,,,,,,,,,,,,,,,,,,,,,,,,,,,,,,,,,,,,,,,,,,,,,,,,,,,,,,,,,,,,,,,,,,,,,,,,,,,,,,,,,,,,,,,,,,,,,,,,,,,,,,,,,,,,,,,,,,,,,,,,,,,,,,,,,,,,,,,,,,,,,,,,,,,,,,,,,,,,,,,,,,,,,,,,,,,,,,,,,,,,,,,,,,,,,,,,,,,,,,,,,,,,,,,,,,,,,,,,,,,,,,,,,,,,,,,,,,,,,,,,,,,,,,,,,,,,,,,,,,,,,,,,,,,,,,,,,,,,,,,,,,,,,,,,,,,,,,,,,,,,,,,,,,,,,,,,,,,,,,,,,,,,,,,,,,,,,,,,,,,,,,,,,,,,,,,,,,,,,,,,,,,,,,16561.0,,,,,,,,,,,,,,,,,,,,,,,,,,,,,,,,,,,,,,,,,,,,,,,,,,,,,,,,,,,,,,,,,,,,,,,,,,,,,,,,,,,,,,,,,,,,,,,,,,,,,,,,,,,,,,,,,,,,,,,,,,,,,,,,,,,,,,,,,,,,,,,,,,,,,,,,,,,,,,,,,,,,,,,,,,,,,,,,,,,,,,,,,,,,,,,,,,,,,,,,,,,,,,,,,,,,,,,,,,,,,,,,,,,,,,,,,,,,,,,,,,,,,,,,,,,,,,,,,,,,,,,,,,,,,,,,,,,,,,,,,,,,,,,,,,,,,,,,,,,,,,,,,,,,,,,,,,,,,,,,,,,,,,,,,,,,,,,,,,,,,,,,,,,,,,,,,,,,,,,,,,,,,,,,,,,,,,,,,,,,,,,,,,,,,,,,,,,,,,,,,,,,,,,,,,,,,,,,,,,,,,,,,,,,,,,,,,,,,,,,,,,,,,,,,,,,,,,,,,,,,,,,,,,,,,,,,,,,,,,,,,,,,,,,,,,,,,,,,,,,,,,,,,,,,,,,,,,,,,,,,,,,,,,,,,,,,,,,,,,,,,,,,,,,,,,,,,,,,,,,,,,,,,,,,,,,,,,,,,,,,,,,,,,,,,,,,,,,,,,,,,,,,,,,,,,,,,,,,,,,,,,,,,,,,,,,,,,,,,,,,,,,,,,,,,,,,,,,,,,,,,,,,,,,,,,,,,,,,,,,,,,,,,,,,,,,,,,,,,,,,,,,,,,,,,,,,,,,,,,,,,,,,,,,,,,,,,,,,,,,,,,,,,,,,,,,,,,,,,,,,,,,,,,,,,,,,,,,,,,,,,,,,,,,,,,,,,,,,,,,,,,,,,,,,,,,,,,,,,,,,,,,,,,,,,,,,,,,,,,,,,,,,,,,,,,,,,,,,,,,,,,,,,,,,,,,,,,,,,,,,,,,,,,,,,,,,,,,,,,,,,,,,,,,,,,,,,,,,,,,,,,,,,,,,,,,,,,,,,,,,,,,,,,,,,,,,,,,,,,,,,,,,,,,,,,,,,,,,,,,,,,,,,,,,,,,,,,,,,,,,,,,,,,,,,,,,,,,,,,,,,,,,,,,,,,,,,,,,,,,,,,,,,,,,,,,,,,,,,,,,,,,,,,,,,,,,,,,,,,,,,,,,,,,,,,,,,,,,,,,,,,,,,,,,,,,,,,,,,,,,,,,,,,,,,,,,,,,,,,,,,,,,,,,,,,,,,,,,,,,,,,,,,,,,,,,,,,,,,,,,,,,,,,,,,,,,,,,,,,,,,,,,,,,,,,,,,,,,,,,,,,,,,,,,,,,,,,,,,,,,,,,,,,,,,,,,,,,,,,,,,,,,,,,,,,,,,,,,,,,,,,,,,,,,,,,,,,,,,,,,,,,,,,,,,,,,,,,,,,,,,,,,,,,,,,,,,,,,,,,,,,,,,,,,,,,,,,,,,,,,,,,,,,,,,,,,,,,,,,,,,,,,,,,,,,,,,,,,,,,,,,,,,,,,,,,,,,,,,,,,,,,,,,,,,,,,,,,,,,,,,,,,,,,,,,,,,,,,,,,,,,,,,,,,,,,,,,,,,,,,,,,,,,,,,,,,,,,,,,,,,,,,,,,,,,,,,,,,,,,,,,,,,,,,,,,,,,,,,,,,,,,,,,,,,,,,,,,,,,,,,,,,,,,,,,,,,,,,,,,,,,,,,,,,,,,,,,,,,,,,,,,,,,,,,,,,,,,,,,,,,,,,,,,,,,,,,,,,,,,,,,,,,,,,,,,,,,,,,,,,,,,,,,,,,,,,,,,,,,,,,,,,,,,,,,,,,,,,,,,,,,,,,,,,,,,,,,,,,,,,,,,,,,,,,,,,,,,,,,,,,,,,,,,,,,,,,,,,,,,,,,,,,,,,,,,,,,,,,,,,,,,,,,,,,,,,,,,,,,,,,,,,,,,,,,,,,,,,,,,,,,,,,,,,,,,,,,,,,,,,,,,,,,,,,,,,,,,,,,,,,,,,,,,,,,,,,,,,,,,,,,,,,,,,,,,,,,,,,,,,,,,,,,,,,,,,,,,,,,,,,,,,,,,,,,,,,,,,,,,,,,,,,,,,,,,,,,,,,,,,,,,,,,,,,,,,,,,,,,,,,,,,,,,,,,,,,,,,,,,,,,,,,,,,,,,,,,,,,,,,,,,,,,,,,,,,,,,,,,,,,,,,,,,,,,,,,,,,,,,,,,,,,,,,,,,,,,,,,,,,,,,,,,,,,,,,,,,,,,,,,,,,,,,,,,,,,,,,,,,,,,,,,,,,,,,,,,,,,,,,,,,,,,,,,,,,,,,,,,,,,,,,,,,,,,,,,,,,,,,,,,,,,,,,,,,,,,,,,,,,,,,,,,,,,,,,,,,,,,,,,,,,,,,,,,,,,,,,,,,,,,,,,,,,,,,,,,,,,,,,,,,,,,,,,,,,,,,,,,,,,,,,,,,,,,,,,,,,,,,,,,,,,,,,,,,,,,,,,,,,,,,,,,,,,,,,,,,,,,,,,,,,,,,,,,,,,,,,,,,,,,,,,,,,,,,,,,,,,,,,,,,,,,,,,,,,,,,,,,,,,,,,,,,,,,,,,,,,,,,,,,,,,,,,,,,,,,,,,,,,,,,,,,,,,,,,,,,,,,,,,,,,,,,,,,,,,,,,,,,,,,,,,,,,,,,,,,,,,,,,,,,,,,,,,,,,,,,,,,,,,,,,,,,,,,,,,,,,,,,,,,,,,,,,,,,,,,,,,,,,,,,,,,,,,,,,,,,,,,,,,,,,,,,,,,,,,,,,,,,,,,,,,,,,,,,,,,,,,,,,,,,,,,,,,,,,,,,,,,,,,,,,,,,,,,,,,,,,,,,,,,,,,,,,,,,,,,,,,,,,,,,,,,,,,,,,,,,,,,,,,,,,,,,,,,,,,,,,,,,,,,,,,,,,,,,,,,,,,,,,,,,,,,,,,,,,,,,,,,,,,,,,,,,,,,,,,,,,,,,,,,,,,,,,,,,,,,,,,,,,,,,,,,,,,,,,,,,,,,,,,,,,,,,,,,,,,,,,,,,,,,,,,,,,,,,,,,,,,,,,,,,,,,,,,,,,,,,,,,,,,,,,,,,,,,,,,,,,,,,,,,,,,,,,,,,,,,,,,,,,,,,,,,,,,,,,,,,,,,,,,,,,,,,,,,,,,,,,,,,,,,,,,,,,,,,,,,,,,,,,,,,,,,,,,,,,,,,,,,,,,,,,,,,,,,,,,,,,,,,,,,,,,,,,,,,,,,,,,,,,,,,,,,,,,,,,,,,,,,,,,,,,,,,,,,,,,,,,,,,,,,,,,,,,,,,,,,,,,,,,,,,,,,,,,,,,,,,,,,,,,,,,,,,,,,,,,,,,,,,,,,,,,,,,,,,,,,,,,,,,,,,,,,,,,,,,,,,,,,,,,,,,,,,,,,,,,,,,,,,,,,,,,,,,,,,,,,,,,,,,,,,,,,,,,,,,,,,,,,,,,,,,,,,,,,,,,,,,,,,,,,,,,,,,,,,,,,,,,,,,,,,,,,,,,,,,,,,,,,,,,,,,,,,,,,,,,,,,,,,,,,,,,,,,,,,,,,,,,,,,,,,,,,,,,,,,,,,,,,,,,,,,,,,,,,,,,,,,,,,,,,,,,,,,,,,,,,,,,,,,,,,,,,,,,,,,,,,,,,,,,,,,,,,,,,,,,,,,,,,,,,,,,,,,,,,,,,,,,,,,,,,,,,,,,,,,,,,,,,,,,,,,,,,,,,,,,,,,,,,,,,,,,,,,,,,,,,,,,,,,,,,,,,,,,,,,,,,,,,,,,,,,,,,,,,,,,,,,,,,,,,,,,,,,,,,,,,,,,,,,,,,,,,,,,,,,,,,,,,,,,,,,,,,,,,,,,,,,,,,,,,,,,,,,,,,,,,,,,,,,,,,,,,,,,,,,,,,,,,,,,,,,,,,,,,,,,,,,,,,,,,,,,,,,,,,,,,,,,,,,,,,,,,,,,,,,,,,,,,,,,,,,,,,,,,,,,,,,,,,,,,,,,,,,,,,,,,,,,,,,,,,,,,,,,,,,,,,,,,,,,,,,,,,,,,,,,,,,,,,,,,,,,,,,,,,,,,,,,,,,,,,,,,,,,,,,,,,,,,,,,,,,,,,,,,,,,,,,,,,,,,,,,,,,,,,,,,,,,,,,,,,,,,,,,,,,,,,,,,,,,,,,,,,,,,,,,,,,,,,,,,,,,,,,,,,,,,,,,,,,,,,,,,,,,,,,,,,,,,,,,,,,,,,,,,,,,,,,,,,,,,,,,,,,,,,,,,,,,,,,,,,,,,,,,,,,,,,,,,,,,,,,,,,,,,,,,,,,,,,,,,,,,,,,,,,,,,,,,,,,,,,,,,,,,,,,,,,,,,,,,,,,,,,,,,,,,,,,,,,,,,,,,,,,,,,,,,,,,,,,,,,,,,,,,,,,,,,,,,,,,,,,,,,,,,,,,,,,,,,,,,,,,,,,,,,,,,,,,,,,,,,,,,,,,,,,,,,,,,,,,,,,,,,,,,,,,,,,,,,,,,,,,,,,,,,,,,,,,,,,,,,,,,,,,,,,,,,,,,,,,,,,,,,,,,,,,,,,,,,,,,,,,,,,,,,,,,,,,,,,,,,,,,,,,,,,,,,,,,,,,,,,,,,,,,,,,,,
,,,,,,,,,,,,,,,,,,,,,,,,,,,,,,,,,,,,,,,,,,,,,,,,,,,,,,,,,,,,,,,,,,,,,,,,,,,,,,,,,,,,,,,,,,,,,,,,,,,,,,,,,,,,,,,,,,,,,,,,,,,,,,,,,,,,,,,,,,,,,,,,,,,,,,,,,,,,,,,,,,,,,,,,,,,,,,,,,,,,,,,,,,,,,,,,,,,,,,,,,,,,,,,,,,,,,,,,,,,,,,,,,,,,,,,,,,,,,,,,,,,,,,,,,,,,,,,,,,,,,,,,,,,,,,,,,,,,,,,,,,,,,,,,,,,,,,,,,,,,,,,,,,,,,,,,,,,,,,,,,,,,,,,,,,,,,,,,,,,,,,,,,,,,,,,,,,,,,,,,,,,,,,,,,,,,,,,,,,,,,,,,,,,,,,,,,,,,,,,,,,,,,,,,,,,,,,,,,,,,,,,,,,,,,,,,,,,,,,,,,,,,,,,,,,,,,,,,,,,,,,,,,,,,,,,,,,,,,,,,,,,,,,,,,,,,,,,,,,,,,,,,,,,,,,,,,,,,,,,,,,,,,,,,,,,,,,,,,,,,,,,,,,,,,,,,,,,,,,,,,,,,,,,,,,,,,,,,,,,,,,,,,,,,,,,,,,,,,,,,,,,,,,,,,,,,,,,,,,,,,,,,,,,,,,,,,,,,,,,,,,,,,,,,,,,,,,,,,,,,,,,17711.0,,,,,,,,,,,,,,,,,,,,,,,,,,,,,,,,,,,,,,,,,,,,,,,,,,,,,,,,,,,,,,,,,,,,,,,,,,,,,,,,,,,,,,,,,,,,,,,,,,,,,,,,,,,,,,,,,,,,,,,,,,,,,,,,,,,,,,,,,,,,,,,,,,,,,,,,,,,,,,,,,,,,,,,,,,,,,,,,,,,,,,,,,,,,,,,,,,,,,,,,,,,,,,,,,,,,,,,,,,,,,,,,,,,,,,,,,,,,,,,,,,,,,,,,,,,,,,,,,,,,,,,,,,,,,,,,,,,,,,,,,,,,,,,,,,,,,,,,,,,,,,,,,,,,,,,,,,,,,,,,,,,,,,,,,,,,,,,,,,,,,,,,,,,,,,,,,,,,,,,,,,,,,,,,,,,,,,,,,,,,,,,,,,,,,,,,,,,,,,,,,,,,,,,,,,,,,,,,,,,,,,,,,,,,,,,,,,,,,,,,,,,,,,,,,,,,,,,,,,,,,,,,,,,,,,,,,,,,,,,,,,,,,,,,,,,,,,,,,,,,,,,,,,,,,,,,,,,,,,,,,,,,,,,,,,,,,,,,,,,,,,,,,,,,,,,,,,,,,,,,,,,,,,,,,,,,,,,,,,,,,,,,,,,,,,,,,,,,,,,,,,,,,,,,,,,,,,,,,,,,,,,,,,,,,,,,,,,,,,,,,,,,,,,,,,,,,,,,,,,,,,,,,,,,,,,,,,,,,,,,,,,,,,,,,,,,,,,,,,,,,,,,,,,,,,,,,,,,,,,,,,,,,,,,,,,,,,,,,,,,,,,,,,,,,,,,,,,,,,,,,,,,,,,,,,,,,,,,,,,,,,,,,,,,,,,,,,,,,,,,,,,,,,,,,,,,,,,,,,,,,,,,,,,,,,,,,,,,,,,,,,,,,,,,,,,,,,,,,,,,,,,,,,,,,,,,,,,,,,,,,,,,,,,,,,,,,,,,,,,,,,,,,,,,,,,,,,,,,,,,,,,,,,,,,,,,,,,,,,,,,,,,,,,,,,,,,,,,,,,,,,,,,,,,,,,,,,,,,,,,,,,,,,,,,,,,,,,,,,,,,,,,,,,,,,,,,,,,,,,,,,,,,,,,,,,,,,,,,,,,,,,,,,,,,,,,,,,,,,,,,,,,,,,,,,,,,,,,,,,,,,,,,,,,,,,,,,,,,,,,,,,,,,,,,,,,,,,,,,,,,,,,,,,,,,,,,,,,,,,,,,,,,,,,,,,,,,,,,,,,,,,,,,,,,,,,,,,,,,,,,,,,,,,,,,,,,,,,,,,,,,,,,,,,,,,,,,,,,,,,,,,,,,,,,,,,,,,,,,,,,,,,,,,,,,,,,,,,,,,,,,,,,,,,,,,,,,,,,,,,,,,,,,,,,,,,,,,,,,,,,,,,,,,,,,,,,,,,,,,,,,,,,,,,,,,,,,,,,,,,,,,,,,,,,,,,,,,,,,,,,,,,,,,,,,,,,,,,,,,,,,,,,,,,,,,,,,,,,,,,,,,,,,,,,,,,,,,,,,,,,,,,,,,,,,,,,,,,,,,,,,,,,,,,,,,,,,,,,,,,,,,,,,,,,,,,,,,,,,,,,,,,,,,,,,,,,,,,,,,,,,,,,,,,,,,,,,,,,,,,,,,,,,,,,,,,,,,,,,,,,,,,,,,,,,,,,,,,,,,,,,,,,,,,,,,,,,,,,,,,,,,,,,,,,,,,,,,,,,,,,,,,,,,,,,,,,,,,,,,,,,,,,,,,,,,,,,,,,,,,,,,,,,,,,,,,,,,,,,,,,,,,,,,,,,,,,,,,,,,,,,,,,,,,,,,,,,,,,,,,,,,,,,,,,,,,,,,,,,,,,,,,,,,,,,,,,,,,,,,,,,,,,,,,,,,,,,,,,,,,,,,,,,,,,,,,,,,,,,,,,,,,,,,,,,,,,,,,,,,,,,,,,,,,,,,,,,,,,,,,,,,,,,,,,,,,,,,,,,,,,,,,,,,,,,,,,,,,,,,,,,,,,,,,,,,,,,,,,,,,,,,,,,,,,,,,,,,,,,,,,,,,,,,,,,,,,,,,,,,,,,,,,,,,,,,,,,,,,,,,,,,,,,,,,,,,,,,,,,,,,,,,,,,,,,,,,,,,,,,,,,,,,,,,,,,,,,,,,,,,,,,,,,,,,,,,,,,,,,,,,,,,,,,,,,,,,,,,,,,,,,,,,,,,,,,,,,,,,,,,,,,,,,,,,,,,,,,,,,,,,,,,,,,,,,,,,,,,,,,,,,,,,,,,,,,,,,,,,,,,,,,,,,,,,,,,,,,,,,,,,,,,,,,,,,,,,,,,,,,,,,,,,,,,,,,,,,,,,,,,,,,,,,,,,,,,,,,,,,,,,,,,,,,,,,,,,,,,,,,,,,,,,,,,,,,,,,,,,,,,,,,,,,,,,,,,,,,,,,,,,,,,,,,,,,,,,,,,,,,,,,,,,,,,,,,,,,,,,,,,,,,,,,,,,,,,,,,,,,,,,,,,,,,,,,,,,,,,,,,,,,,,,,,,,,,,,,,,,,,,,,,,,,,,,,,,,,,,,,,,,,,,,,,,,,,,,,,,,,,,,,,,,,,,,,,,,,,,,,,,,,,,,,,,,,,,,,,,,,,,,,,,,,,,,,,,,,,,,,,,,,,,,,,,,,,,,,,,,,,,,,,,,,,,,,,,,,,,,,,,,,,,,,,,,,,,,,,,,,,,,,,,,,,,,,,,,,,,,,,,,,,,,,,,,,,,,,,,,,,,,,,,,,,,,,,,,,,,,,,,,,,,,,,,,,,,,,,,,,,,,,,,,,,,,,,,,,,,,,,,,,,,,,,,,,,,,,,,,,,,,,,,,,,,,,,,,,,,,,,,,,,,,,,,,,,,,,,,,,,,,,,,,,,,,,,,,,,,,,,,,,,,,,,,,,,,,,,,,,,,,,,,,,,,,,,,,,,,,,,,,,,,,,,,,,,,,,,,,,,,,,,,,,,,,,,,,,,,,,,,,,,,,,,,,,,,,,,,,,,,,,,,,,,,,,,,,,,,,,,,,,,,,,,,,,,,,,,,,,,,,,,,,,,,,,,,,,,,,,,,,,,,,,,,,,,,,,,,,,,,,,,,,,,,,,,,,,,,,,,,,,,,,,,,,,,,,,,,,,,,,,,,,,,,,,,,,,,,,,,,,,,,,,,,,,,,,,,,,,,,,,,,,,,,,,,,,,,,,,,,,,,,,,,,,,,,,,,,,,,,,,,,,,,,,,,,,,,,,,,,,,,,,,,,,,,,,,,,,,,,,,,,,,,,,,,,,,,,,,,,,,,,,,,,,,,,,,,,,,,,,,,,,,,,,,,,,,,,,,,,,,,,,,,,,,,,,,,,,,,,,,,,,,,,,,,,,,,,,,,,,,,,,,,,,,,,,,,,,,,,,,,,,,,,,,,,,,,,,,,,,,,,,,,,,,,,,,,,,,,,,,,,,,,,,,,,,,,,,,,,,,,,,,,,,,,,,,,,,,,,,,,,,,,,,,,,,,,,,,,,,,,,,,,,,,,,,,,,,,,,,,,,,,,,,,,,,,,,,,,,,,,,,,,,,,,,,,,,,,,,,,,,,,,,,,,,,,,,,,,,,,,,,,,,,,,,,,,,,,,,,,,,,,,,,,,,,,,,,,,,,,,,,,,,,,,,,,,,,,,,,,,,,,,,,,,,,,,,,,,,,,,,,,,,,,,,,,,,,,,,,,,,,,,,,,,,,,,,,,,,,,,,,,,,,,,,,,,,,,,,,,,,,,,,,,,,,,,,,,,,,,,,,,,,,,,,,,,,,,,,,,,,,,,,,,,,,,,,,,,,,,,,,,,,,,,,,,,,,,,,,,,,,,,,,,,,,,,,,,,,,,,,,,,,,,,,,,,,,,,,,,,,,,,,,,,,,,,,,,,,,,,,,,,,,,,,,,,,,,,,,,,,,,,,,,,,,,,,,,,,,,,,,,,,,,,,,,,,,,,,,,,,,,,,,,,,,,,,,,,,,,,,,,,,,,,,,,,,,,,,,,,,,,,,,,,,,,,,,,,,,,,,,,,,,,,,,,,,,,,,,,,,,,,,,,,,,,,,,,,,,,,,,,,,,,,,,,,,,,,,,,,,,,,,,,,,,,,,,,,,,,,,,,,,,,,,,,,,,,,,,,,,,,,,,,,,,,,,,,,,,,,,,,,,,,,,,,,,,,,,,,,,,,,,,,,,,,,,,,,,,,,,,,,,,,,,,,,,,,,,,,,,,,,,,,,,,,,,,,,,,,,,,,,,,,,,,,,,,,,,,,,,,,,,,,,,,,,,,,,,,,,,,,,,,,,,,,,,,,,,,,,,,,,,,,,,,,,,,,,,,,,,,,,,,,,,,,,,,,,,,,,,,,,,,,,,,,,,,,,,,,,,,,,,,,,,,,,,,,,,,,,,,,,,,,,,,,,,,,,,,,,,,,,,,,,,,,,,,,,,,,,,,,,,,,,,,,,,,,,,,,,,,,,,,,,,,,,,,,,,,,,,,,,,,,,,,,,,,,,,,,,,,,,,,,,,,,,,,,,,,,,,,,,,,,,,,,,,,,,,,,,,,,,,,,,,,,,,,,,,,,,,,,,,,,,,,,,,,,,,,,,,,,,,,,,,,,,,,,,,,,,,,,,,,,,,,,,,,,,,,,,,,,,,,,,,,,,,,,,,,,,,,,,,,,,,,,,,
,,,,,,,,,,,,,,,,,,,,,,,,,,,,,,,,,,,,,,,,,,,,,,,,,,,,,,,,,,,,,,,,,,,,,,,,,,,,,,,,,,,,,,,,,,,,,,,,,,,,,,,,,,,,,,,,,,,,,,,,,,,,,,,,,,,,,,,,,,,,,,,,,,,,,,,,,,,,,,,,,,,,,,,,,,,,,,,,,,,,,,,,,,,,,,,,,,,,,,,,,,,,,,,,,,,,,,,,,,,,,,,,,,,,,,,,,,,,,,,,,,,,,,,,,,,,,,,,,,,,,,,,,,,,,,,,,,,,,,,,,,,,,,,,,,,,,,,,,,,,,,,,,,,,,,,,,,,,,,,,,,,,,,,,,,,,,,,,,,,,,,,,,,,,,,,,,,,,,,,,,,,,,,,,,,,,,,,,,,,,,,,,,,,,,,,,,,,,,,,,,,,,,,,,,,,,,,,,,,,,,,,,,,,,,,,,,,,,,,,,,,,,,,,,,,,,,,,,,,,,,,,,,,,,,,,,,,,,,,,,,,,,,,,,,,,,,,,,,,,,,,,,,,,,,,,,,,,,,,,,,,,,,,,,,,,,,,,,,,,,,,,,,,,,,,,,,,,,,,,,,,,,,,,,,,,,,,,,,,,,,,,,,,,,,,,,,,,,,,,,,,,,,,,,,,,,,,,,,,,,,,,,,,,,,,,,,,,,,,,,,,,,,,,,,,,,,,,,,,,,,,,17792.0,,,,,,,,,,,,,,,,,,,,,,,,,,,,,,,,,,,,,,,,,,,,,,,,,,,,,,,,,,,,,,,,,,,,,,,,,,,,,,,,,,,,,,,,,,,,,,,,,,,,,,,,,,,,,,,,,,,,,,,,,,,,,,,,,,,,,,,,,,,,,,,,,,,,,,,,,,,,,,,,,,,,,,,,,,,,,,,,,,,,,,,,,,,,,,,,,,,,,,,,,,,,,,,,,,,,,,,,,,,,,,,,,,,,,,,,,,,,,,,,,,,,,,,,,,,,,,,,,,,,,,,,,,,,,,,,,,,,,,,,,,,,,,,,,,,,,,,,,,,,,,,,,,,,,,,,,,,,,,,,,,,,,,,,,,,,,,,,,,,,,,,,,,,,,,,,,,,,,,,,,,,,,,,,,,,,,,,,,,,,,,,,,,,,,,,,,,,,,,,,,,,,,,,,,,,,,,,,,,,,,,,,,,,,,,,,,,,,,,,,,,,,,,,,,,,,,,,,,,,,,,,,,,,,,,,,,,,,,,,,,,,,,,,,,,,,,,,,,,,,,,,,,,,,,,,,,,,,,,,,,,,,,,,,,,,,,,,,,,,,,,,,,,,,,,,,,,,,,,,,,,,,,,,,,,,,,,,,,,,,,,,,,,,,,,,,,,,,,,,,,,,,,,,,,,,,,,,,,,,,,,,,,,,,,,,,,,,,,,,,,,,,,,,,,,,,,,,,,,,,,,,,,,,,,,,,,,,,,,,,,,,,,,,,,,,,,,,,,,,,,,,,,,,,,,,,,,,,,,,,,,,,,,,,,,,,,,,,,,,,,,,,,,,,,,,,,,,,,,,,,,,,,,,,,,,,,,,,,,,,,,,,,,,,,,,,,,,,,,,,,,,,,,,,,,,,,,,,,,,,,,,,,,,,,,,,,,,,,,,,,,,,,,,,,,,,,,,,,,,,,,,,,,,,,,,,,,,,,,,,,,,,,,,,,,,,,,,,,,,,,,,,,,,,,,,,,,,,,,,,,,,,,,,,,,,,,,,,,,,,,,,,,,,,,,,,,,,,,,,,,,,,,,,,,,,,,,,,,,,,,,,,,,,,,,,,,,,,,,,,,,,,,,,,,,,,,,,,,,,,,,,,,,,,,,,,,,,,,,,,,,,,,,,,,,,,,,,,,,,,,,,,,,,,,,,,,,,,,,,,,,,,,,,,,,,,,,,,,,,,,,,,,,,,,,,,,,,,,,,,,,,,,,,,,,,,,,,,,,,,,,,,,,,,,,,,,,,,,,,,,,,,,,,,,,,,,,,,,,,,,,,,,,,,,,,,,,,,,,,,,,,,,,,,,,,,,,,,,,,,,,,,,,,,,,,,,,,,,,,,,,,,,,,,,,,,,,,,,,,,,,,,,,,,,,,,,,,,,,,,,,,,,,,,,,,,,,,,,,,,,,,,,,,,,,,,,,,,,,,,,,,,,,,,,,,,,,,,,,,,,,,,,,,,,,,,,,,,,,,,,,,,,,,,,,,,,,,,,,,,,,,,,,,,,,,,,,,,,,,,,,,,,,,,,,,,,,,,,,,,,,,,,,,,,,,,,,,,,,,,,,,,,,,,,,,,,,,,,,,,,,,,,,,,,,,,,,,,,,,,,,,,,,,,,,,,,,,,,,,,,,,,,,,,,,,,,,,,,,,,,,,,,,,,,,,,,,,,,,,,,,,,,,,,,,,,,,,,,,,,,,,,,,,,,,,,,,,,,,,,,,,,,,,,,,,,,,,,,,,,,,,,,,,,,,,,,,,,,,,,,,,,,,,,,,,,,,,,,,,,,,,,,,,,,,,,,,,,,,,,,,,,,,,,,,,,,,,,,,,,,,,,,,,,,,,,,,,,,,,,,,,,,,,,,,,,,,,,,,,,,,,,,,,,,,,,,,,,,,,,,,,,,,,,,,,,,,,,,,,,,,,,,,,,,,,,,,,,,,,,,,,,,,,,,,,,,,,,,,,,,,,,,,,,,,,,,,,,,,,,,,,,,,,,,,,,,,,,,,,,,,,,,,,,,,,,,,,,,,,,,,,,,,,,,,,,,,,,,,,,,,,,,,,,,,,,,,,,,,,,,,,,,,,,,,,,,,,,,,,,,,,,,,,,,,,,,,,,,,,,,,,,,,,,,,,,,,,,,,,,,,,,,,,,,,,,,,,,,,,,,,,,,,,,,,,,,,,,,,,,,,,,,,,,,,,,,,,,,,,,,,,,,,,,,,,,,,,,,,,,,,,,,,,,,,,,,,,,,,,,,,,,,,,,,,,,,,,,,,,,,,,,,,,,,,,,,,,,,,,,,,,,,,,,,,,,,,,,,,,,,,,,,,,,,,,,,,,,,,,,,,,,,,,,,,,,,,,,,,,,,,,,,,,,,,,,,,,,,,,,,,,,,,,,,,,,,,,,,,,,,,,,,,,,,,,,,,,,,,,,,,,,,,,,,,,,,,,,,,,,,,,,,,,,,,,,,,,,,,,,,,,,,,,,,,,,,,,,,,,,,,,,,,,,,,,,,,,,,,,,,,,,,,,,,,,,,,,,,,,,,,,,,,,,,,,,,,,,,,,,,,,,,,,,,,,,,,,,,,,,,,,,,,,,,,,,,,,,,,,,,,,,,,,,,,,,,,,,,,,,,,,,,,,,,,,,,,,,,,,,,,,,,,,,,,,,,,,,,,,,,,,,,,,,,,,,,,,,,,,,,,,,,,,,,,,,,,,,,,,,,,,,,,,,,,,,,,,,,,,,,,,,,,,,,,,,,,,,,,,,,,,,,,,,,,,,,,,,,,,,,,,,,,,,,,,,,,,,,,,,,,,,,,,,,,,,,,,,,,,,,,,,,,,,,,,,,,,,,,,,,,,,,,,,,,,,,,,,,,,,,,,,,,,,,,,,,,,,,,,,,,,,,,,,,,,,,,,,,,,,,,,,,,,,,,,,,,,,,,,,,,,,,,,,,,,,,,,,,,,,,,,,,,,,,,,,,,,,,,,,,,,,,,,,,,,,,,,,,,,,,,,,,,,,,,,,,,,,,,,,,,,,,,,,,,,,,,,,,,,,,,,,,,,,,,,,,,,,,,,,,,,,,,,,,,,,,,,,,,,,,,,,,,,,,,,,,,,,,,,,,,,,,,,,,,,,,,,,,,,,,,,,,,,,,,,,,,,,,,,,,,,,,,,,,,,,,,,,,,,,,,,,,,,,,,,,,,,,,,,,,,,,,,,,,,,,,,,,,,,,,,,,,,,,,,,,,,,,,,,,,,,,,,,,,,,,,,,,,,,,,,,,,,,,,,,,,,,,,,,,,,,,,,,,,,,,,,,,,,,,,,,,,,,,,,,,,,,,,,,,,,,,,,,,,,,,,,,,,,,,,,,,,,,,,,,,,,,,,,,,,,,,,,,,,,,,,,,,,,,,,,,,,,,,,,,,,,,,,,,,,,,,,,,,,,,,,,,,,,,,,,,,,,,,,,,,,,,,,,,,,,,,,,,,,,,,,,,,,,,,,,,,,,,,,,,,,,,,,,,,,,,,,,,,,,,,,,,,,,,,,,,,,,,,,,,,,,,,,,,,,,,,,,,,,,,,,,,,,,,,,,,,,,,,,,,,,,,,,,,,,,,,,,,,,,,,,,,,,,,,,,,,,,,,,,,,,,,,,,,,,,,,,,,,,,,,,,,,,,,,,,,,,,,,,,,,,,,,,,,,,,,,,,,,,,,,,,,,,,,,,,,,,,,,,,,,,,,,,,,,,,,,,,,,,,,,,,,,,,,,,,,,,,,,,,,,,,,,,,,,,,,,,,,,,,,,,,,,,,,,,,,,,,,,,,,,,,,,,,,,,,,,,,,,,,,,,,,,,,,,,,,,,,,,,,,,,,,,,,,,,,,,,,,,,,,,,,,,,,,,,,,,,,,,,,,,,,,,,,,,,,,,,,,,,,,,,,,,,,,,,,,,,,,,,,,,,,,,,,,,,,,,,,,,,,,,,,,,,,,,,,,,,,,,,,,,,,,,,,,,,,,,,,,,,,,,,,,,,,,,,,,,,,,,,,,,,,,,,,,,,,,,,,,,,,,,,,,,,,,,,,,,,,,,,,,,,,,,,,,,,,,,,,,,,,,,,,,,,,,,,,,,,,,,,,,,,,,,,,,,,,,,,,,,,,,,,,,,,,,,,,,,,,,,,,,,,,,,,,,,,,,,,,,,,,,,,,,,,,,,,,,,,,,,,,,,,,,,,,,,,,,,,,,,,,,,,,,,,,,,,,,,,,,,,,,,,,,,,,,,,,,,,,,,,,,,,,,,,,,,,,,,,,,,,,,,,,,,,,,,,,,,,,,,,,,,,,,,,,,,,,,,,,,,,,,,,,,,,,,,,,,,,,,,,,,,,,,,,,,,,,,,,,,,,,,,,,,,,,,,,,,,,,,,,,,,,,,,,,,,,,,,,,,,,,,,,,,,,,,,,,,,,,,,,,,,,,,,,,,,,,,,,,,,,,,,,,,,,,,,,,,,,,,,,,,,,,,,,,,,,,,,,,,,,,,,,,,,,,,,,,,,,,,,,,,,,,,,,,,,,,,,,,,,,,,,,,,,,,,,,,,,,,,,,,,,,,,,,,,,,,,,,,,,,,,,,,,,,,,,,,,,,,,,,,,,,,,,,,,,,,,,,,,,,,,,,,,,,,,,,,,,,,,,,,,,,,,,,,,,,,,,,,,,,,,,,,,,,,,,,,,,,,,,,,,,,,,,,,,,,,,,,,,,,,,,,,,,,,,,,,,,,,,,,,,,,,,,
,,,,,,,,,,,,,,,,,,,,,,,,,,,,,,,,,,,,,,,,,,,,,,,,,,,,,,,,,,,,,,,,,,,,,,,,,,,,,,,,,,,,,,,,,,,,,,,,,,,,,,,,,,,,,,,,,,,,,,,,,,,,,,,,,,,,,,,,,,,,,,,,,,,,,,,,,,,,,,,,,,,,,,,,,,,,,,,,,,,,,,,,,,,,,,,,,,,,,,,,,,,,,,,,,,,,,,,,,,,,,,,,,,,,,,,,,,,,,,,,,,,,,,,,,,,,,,,,,,,,,,,,,,,,,,,,,,,,,,,,,,,,,,,,,,,,,,,,,,,,,,,,,,,,,,,,,,,,,,,,,,,,,,,,,,,,,,,,,,,,,,,,,,,,,,,,,,,,,,,,,,,,,,,,,,,,,,,,,,,,,,,,,,,,,,,,,,,,,,,,,,,,,,,,,,,,,,,,,,,,,,,,,,,,,,,,,,,,,,,,,,,,,,,,,,,,,,,,,,,,,,,,,,,,,,,,,,,,,,,,,,,,,,,,,,,,,,,,,,,,,,,,,,,,,,,,,,,,,,,,,,,,,,,,,,,,,,,,,,,,,,,,,,,,,,,,,,,,,,,,,,,,,,,,,,,,,,,,,,,,,,,,,,,,,,,,,,,,,,,,,,,,,,,,,,,,,,,,,,,,,,,,,,,,,,,,,,,,,,,,,,,,,,,,,,,,,,,,,,,,,,,17837.0,,,,,,,,,,,,,,,,,,,,,,,,,,,,,,,,,,,,,,,,,,,,,,,,,,,,,,,,,,,,,,,,,,,,,,,,,,,,,,,,,,,,,,,,,,,,,,,,,,,,,,,,,,,,,,,,,,,,,,,,,,,,,,,,,,,,,,,,,,,,,,,,,,,,,,,,,,,,,,,,,,,,,,,,,,,,,,,,,,,,,,,,,,,,,,,,,,,,,,,,,,,,,,,,,,,,,,,,,,,,,,,,,,,,,,,,,,,,,,,,,,,,,,,,,,,,,,,,,,,,,,,,,,,,,,,,,,,,,,,,,,,,,,,,,,,,,,,,,,,,,,,,,,,,,,,,,,,,,,,,,,,,,,,,,,,,,,,,,,,,,,,,,,,,,,,,,,,,,,,,,,,,,,,,,,,,,,,,,,,,,,,,,,,,,,,,,,,,,,,,,,,,,,,,,,,,,,,,,,,,,,,,,,,,,,,,,,,,,,,,,,,,,,,,,,,,,,,,,,,,,,,,,,,,,,,,,,,,,,,,,,,,,,,,,,,,,,,,,,,,,,,,,,,,,,,,,,,,,,,,,,,,,,,,,,,,,,,,,,,,,,,,,,,,,,,,,,,,,,,,,,,,,,,,,,,,,,,,,,,,,,,,,,,,,,,,,,,,,,,,,,,,,,,,,,,,,,,,,,,,,,,,,,,,,,,,,,,,,,,,,,,,,,,,,,,,,,,,,,,,,,,,,,,,,,,,,,,,,,,,,,,,,,,,,,,,,,,,,,,,,,,,,,,,,,,,,,,,,,,,,,,,,,,,,,,,,,,,,,,,,,,,,,,,,,,,,,,,,,,,,,,,,,,,,,,,,,,,,,,,,,,,,,,,,,,,,,,,,,,,,,,,,,,,,,,,,,,,,,,,,,,,,,,,,,,,,,,,,,,,,,,,,,,,,,,,,,,,,,,,,,,,,,,,,,,,,,,,,,,,,,,,,,,,,,,,,,,,,,,,,,,,,,,,,,,,,,,,,,,,,,,,,,,,,,,,,,,,,,,,,,,,,,,,,,,,,,,,,,,,,,,,,,,,,,,,,,,,,,,,,,,,,,,,,,,,,,,,,,,,,,,,,,,,,,,,,,,,,,,,,,,,,,,,,,,,,,,,,,,,,,,,,,,,,,,,,,,,,,,,,,,,,,,,,,,,,,,,,,,,,,,,,,,,,,,,,,,,,,,,,,,,,,,,,,,,,,,,,,,,,,,,,,,,,,,,,,,,,,,,,,,,,,,,,,,,,,,,,,,,,,,,,,,,,,,,,,,,,,,,,,,,,,,,,,,,,,,,,,,,,,,,,,,,,,,,,,,,,,,,,,,,,,,,,,,,,,,,,,,,,,,,,,,,,,,,,,,,,,,,,,,,,,,,,,,,,,,,,,,,,,,,,,,,,,,,,,,,,,,,,,,,,,,,,,,,,,,,,,,,,,,,,,,,,,,,,,,,,,,,,,,,,,,,,,,,,,,,,,,,,,,,,,,,,,,,,,,,,,,,,,,,,,,,,,,,,,,,,,,,,,,,,,,,,,,,,,,,,,,,,,,,,,,,,,,,,,,,,,,,,,,,,,,,,,,,,,,,,,,,,,,,,,,,,,,,,,,,,,,,,,,,,,,,,,,,,,,,,,,,,,,,,,,,,,,,,,,,,,,,,,,,,,,,,,,,,,,,,,,,,,,,,,,,,,,,,,,,,,,,,,,,,,,,,,,,,,,,,,,,,,,,,,,,,,,,,,,,,,,,,,,,,,,,,,,,,,,,,,,,,,,,,,,,,,,,,,,,,,,,,,,,,,,,,,,,,,,,,,,,,,,,,,,,,,,,,,,,,,,,,,,,,,,,,,,,,,,,,,,,,,,,,,,,,,,,,,,,,,,,,,,,,,,,,,,,,,,,,,,,,,,,,,,,,,,,,,,,,,,,,,,,,,,,,,,,,,,,,,,,,,,,,,,,,,,,,,,,,,,,,,,,,,,,,,,,,,,,,,,,,,,,,,,,,,,,,,,,,,,,,,,,,,,,,,,,,,,,,,,,,,,,,,,,,,,,,,,,,,,,,,,,,,,,,,,,,,,,,,,,,,,,,,,,,,,,,,,,,,,,,,,,,,,,,,,,,,,,,,,,,,,,,,,,,,,,,,,,,,,,,,,,,,,,,,,,,,,,,,,,,,,,,,,,,,,,,,,,,,,,,,,,,,,,,,,,,,,,,,,,,,,,,,,,,,,,,,,,,,,,,,,,,,,,,,,,,,,,,,,,,,,,,,,,,,,,,,,,,,,,,,,,,,,,,,,,,,,,,,,,,,,,,,,,,,,,,,,,,,,,,,,,,,,,,,,,,,,,,,,,,,,,,,,,,,,,,,,,,,,,,,,,,,,,,,,,,,,,,,,,,,,,,,,,,,,,,,,,,,,,,,,,,,,,,,,,,,,,,,,,,,,,,,,,,,,,,,,,,,,,,,,,,,,,,,,,,,,,,,,,,,,,,,,,,,,,,,,,,,,,,,,,,,,,,,,,,,,,,,,,,,,,,,,,,,,,,,,,,,,,,,,,,,,,,,,,,,,,,,,,,,,,,,,,,,,,,,,,,,,,,,,,,,,,,,,,,,,,,,,,,,,,,,,,,,,,,,,,,,,,,,,,,,,,,,,,,,,,,,,,,,,,,,,,,,,,,,,,,,,,,,,,,,,,,,,,,,,,,,,,,,,,,,,,,,,,,,,,,,,,,,,,,,,,,,,,,,,,,,,,,,,,,,,,,,,,,,,,,,,,,,,,,,,,,,,,,,,,,,,,,,,,,,,,,,,,,,,,,,,,,,,,,,,,,,,,,,,,,,,,,,,,,,,,,,,,,,,,,,,,,,,,,,,,,,,,,,,,,,,,,,,,,,,,,,,,,,,,,,,,,,,,,,,,,,,,,,,,,,,,,,,,,,,,,,,,,,,,,,,,,,,,,,,,,,,,,,,,,,,,,,,,,,,,,,,,,,,,,,,,,,,,,,,,,,,,,,,,,,,,,,,,,,,,,,,,,,,,,,,,,,,,,,,,,,,,,,,,,,,,,,,,,,,,,,,,,,,,,,,,,,,,,,,,,,,,,,,,,,,,,,,,,,,,,,,,,,,,,,,,,,,,,,,,,,,,,,,,,,,,,,,,,,,,,,,,,,,,,,,,,,,,,,,,,,,,,,,,,,,,,,,,,,,,,,,,,,,,,,,,,,,,,,,,,,,,,,,,,,,,,,,,,,,,,,,,,,,,,,,,,,,,,,,,,,,,,,,,,,,,,,,,,,,,,,,,,,,,,,,,,,,,,,,,,,,,,,,,,,,,,,,,,,,,,,,,,,,,,,,,,,,,,,,,,,,,,,,,,,,,,,,,,,,,,,,,,,,,,,,,,,,,,,,,,,,,,,,,,,,,,,,,,,,,,,,,,,,,,,,,,,,,,,,,,,,,,,,,,,,,,,,,,,,,,,,,,,,,,,,,,,,,,,,,,,,,,,,,,,,,,,,,,,,,,,,,,,,,,,,,,,,,,,,,,,,,,,,,,,,,,,,,,,,,,,,,,,,,,,,,,,,,,,,,,,,,,,,,,,,,,,,,,,,,,,,,,,,,,,,,,,,,,,,,,,,,,,,,,,,,,,,,,,,,,,,,,,,,,,,,,,,,,,,,,,,,,,,,,,,,,,,,,,,,,,,,,,,,,,,,,,,,,,,,,,,,,,,,,,,,,,,,,,,,,,,,,,,,,,,,,,,,,,,,,,,,,,,,,,,,,,,,,,,,,,,,,,,,,,,,,,,,,,,,,,,,,,,,,,,,,,,,,,,,,,,,,,,,,,,,,,,,,,,,,,,,,,,,,,,,,,,,,,,,,,,,,,,,,,,,,,,,,,,,,,,,,,,,,,,,,,,,,,,,,,,,,,,,,,,,,,,,,,,,,,,,,,,,,,,,,,,,,,,,,,,,,,,,,,,,,,,,,,,,,,,,,,,,,,,,,,,,,,,,,,,,,,,,,,,,,,,,,,,,,,,,,,,,,,,,,,,,,,,,,,,,,,,,,,,,,,,,,,,,,,,,,,,,,,,,,,,,,,,,,,,,,,,,,,,,,,,,,,,,,,,,,,,,,,,,,,,,,,,,,,,,,,,,,,,,,,,,,,,,,,,,,,,,,,,,,,,,,,,,,,,,,,,,,,,,,,,,,,,,,,,,,,,,,,,,,,,,,,,,,,,,,,,,,,,,,,,,,,,,,,,,,,,,,,,,,,,,,,,,,,,,,,,,,,,,,,,,,,,,,,,,,,,,,,,,,,,,,,,,,,,,,,,,,,,,,,,,,,,,,,,,,,,,,,,,,,,,,,,,,,,,,,,,,,,,,,,,,,,,,,,,,,,,,,,,,,,,,,,,,,,,,,,,,,,,,,,,,,,,,,,,,,,,,,,,,,,,,,,,,,,,,,,,,,,,,,,,,,,,,,,,,,,,,,,,,,,,,,,,,,,,,,,,,,,,,,,,,,,,,,,,,,,,,,,,,,,,,,,,,,,,,,,,,,,,,,,,,,,,,,,,,,,,,,,,,,,,,,,,,,,,,,,,,,,,,,,,,,,,,,,,,,,,,,,,,,,,,,,,,,,,,,,,,,,,,,,,,,,,,,,,,,,,,,,,,,,,,,,,,,,,,,,,,,,,,,,,,,,,,,,,,,,,,,,,,,,,,,,,,,,,,,,,,,,,,,,,,,,,,,,,,,,,,,,,,,,,,,,,,,,,,,,,,,,,,,,,,,,,,,,,,,,,
